1
244
231
27
0
1
27
170
connections
0.2375
step
0.105263
link
2.10526
enable
0.210526
bias
0.421052
node
0.526315
disable
0.421052
done
2
153 1000001 -0.91472669454046 8 0
127 1000004 -1.8080726265014 7 1
37
0
2
37
171
connections
0.2375
step
0.095
link
1.9
enable
0.210526
bias
0.421052
node
0.526315
disable
0.421052
done
5
159 171 1 12 1
159 1000003 -1.4712474846613 10 0
171 1000003 -1.4712474846613 13 1
170 1000006 0.49788340483694 11 1
107 1000006 -1.4974454117461 9 1
37
171
connections
0.225625
step
0.09025
link
1.805
enable
0.22160598338
bias
0.44321196676
node
0.49999925
disable
0.44321196676
done
8
159 171 1 12 1
151 1000002 0.2449562932574 1030 1
171 1000003 -1.4712474846613 13 1
170 1000003 -0.60936530428443 1031 1
159 1000003 -1.4712474846613 10 1
1000003 1000005 1.2758935556169 1029 1
107 1000006 -1.4974454117461 9 1
170 1000006 0.49788340483694 11 1
26.5
0
1
26.5
170
connections
0.2631575
step
0.095
link
1.9
enable
0.210526
bias
0.38
node
0.526315
disable
0.38
done
2
152 1000002 -0.86713135189709 15 1
115 1000004 0.48456552926664 14 1
26.5
0
1
26.5
171
connections
0.2631575
step
0.095
link
1.9
enable
0.210526
bias
0.38
node
0.526315
disable
0.421052
done
4
9 171 1 18 1
9 1000003 -1.3183251038745 16 0
171 1000003 -1.3183251038745 19 1
63 1000006 -0.45026778916375 17 1
26.5
0
2
26.5
171
connections
0.2375
step
0.095
link
2.10526
enable
0.19
bias
0.38
node
0.475
disable
0.421052
done
4
62 171 1 22 1
120 1000001 1.9237821418437 20 0
62 1000001 0.71272439449687 21 0
171 1000001 0.71272439449687 23 1
26.5
171
connections
0.249999625
step
0.09999985
link
2.2160598338
enable
0.1999997
bias
0.3999994
node
0.49999925
disable
0.44321196676
done
6
62 171 0.94101973233281 22 1
171 1000001 0.76854910545251 23 0
62 1000001 0.63308659431747 21 0
120 1000001 0.72732108027084 20 0
38 1000002 0.4653445363349 1280 1
55 1000003 -0.9231973937355 1281 1
26.5
0
1
26.5
170
connections
0.2375
step
0.095
link
1.9
enable
0.19
bias
0.38
node
0.526315
disable
0.421052
done
2
49 1000002 -1.2071234002743 24 0
150 1000006 -1.0420834641168 25 1
26.5
0
1
26.5
170
connections
0.2375
step
0.105263
link
1.9
enable
0.210526
bias
0.421052
node
0.475
disable
0.421052
done
2
13 1000005 1.5271430069241 27 1
163 1000006 0.017432355330061 26 0
26.5
0
1
26.5
171
connections
0.2375
step
0.105263
link
1.9
enable
0.210526
bias
0.421052
node
0.475
disable
0.421052
done
3
163 171 1 29 1
163 1000005 0.67495853019643 28 0
171 1000005 0.67495853019643 30 0
26.5
0
1
26.5
170
connections
0.2375
step
0.105263
link
1.9
enable
0.210526
bias
0.38
node
0.526315
disable
0.421052
done
2
60 1000004 -0.31566870692916 31 1
158 1000005 -0.84641906192825 32 0
26.5
0
2
26.5
171
connections
0.2631575
step
0.105263
link
2.10526
enable
0.210526
bias
0.38
node
0.526315
disable
0.421052
done
4
121 171 1 35 1
61 1000003 1.5861717926274 33 1
121 1000006 -1.9337983876158 34 1
171 1000006 -1.9337983876158 36 1
26.5
171
connections
0.277007479225
step
0.09999985
link
2.2160598338
enable
0.1999997
bias
0.3999994
node
0.49999925
disable
0.44321196676
done
6
121 171 1.0059066606123 35 1
60 1000001 -1.2869947623867 1319 0
109 1000003 0.87129189580273 1320 1
61 1000003 1.503801853087 33 1
171 1000006 -1.9027527839913 36 1
121 1000006 -1.8833036677159 34 1
26.5
0
1
26.5
171
connections
0.2375
step
0.095
link
1.9
enable
0.210526
bias
0.38
node
0.475
disable
0.38
done
5
170 171 1 40 1
76 1000001 -1.0860005724644 38 1
171 1000004 -0.91504599476002 41 1
170 1000004 -0.91504599476002 39 1
14 1000005 0.12014894472442 37 0
26.5
0
1
26.5
171
connections
0.2375
step
0.105263
link
1.9
enable
0.210526
bias
0.421052
node
0.475
disable
0.38
done
5
102 171 1 45 1
31 1000002 -1.0010121255186 42 1
170 1000003 -0.081692726389362 44 1
102 1000004 0.67197534752636 43 1
171 1000004 0.67197534752636 46 1
26.5
0
1
26.5
170
connections
0.2375
step
0.095
link
2.10526
enable
0.19
bias
0.38
node
0.475
disable
0.421052
done
2
98 1000002 0.046521651580241 47 1
80 1000005 1.0764314378968 48 0
26.5
0
2
26.5
171
connections
0.2631575
step
0.105263
link
2.10526
enable
0.19
bias
0.38
node
0.475
disable
0.421052
done
5
152 171 1 52 1
19 1000001 0.96379860628573 51 1
152 1000005 1.3323916827014 49 0
171 1000005 1.3323916827014 53 1
167 1000006 1.4153059550632 50 1
26.5
171
connections
0.277007479225
step
0.11080299169
link
2.2160598338
enable
0.1805
bias
0.361
node
0.45125
disable
0.44321196676
done
8
152 171 1 52 1
19 1000001 0.96379860628573 51 1
109 1000001 1.4012139995588 1381 1
170 1000004 -1.3953009133205 1383 1
171 1000005 1.3323916827014 53 1
91 1000005 -1.5444369071836 1382 1
152 1000005 1.3323916827014 49 0
167 1000006 1.4153059550632 50 1
26.5
0
1
26.5
171
connections
0.2375
step
0.095
link
2.10526
enable
0.19
bias
0.38
node
0.475
disable
0.38
done
5
100 171 1 57 1
88 1000003 -1.9049225598131 55 1
100 1000004 -1.4368492865175 54 0
155 1000004 1.954898904988 56 1
171 1000004 -1.4368492865175 58 1
26.5
0
2
26.5
170
connections
0.2631575
step
0.095
link
2.10526
enable
0.210526
bias
0.421052
node
0.475
disable
0.38
done
3
25 1000004 -0.47121009531953 60 1
115 1000006 -0.92603300834356 59 1
170 1000006 -0.26528002799734 61 0
26.5
170
connections
0.277007479225
step
0.09999985
link
2.2160598338
enable
0.1999997
bias
0.44321196676
node
0.45125
disable
0.361
done
5
147 1000003 1.8437808211165 1484 1
160 1000003 0.29594431365651 1483 1
25 1000004 -0.47121009531953 60 1
115 1000006 -0.92603300834356 59 1
170 1000006 -0.26528002799734 61 1
26.5
0
1
26.5
170
connections
0.2631575
step
0.095
link
2.10526
enable
0.210526
bias
0.421052
node
0.475
disable
0.421052
done
2
124 1000003 0.87627386994486 63 1
116 1000006 -1.2879733179174 62 1
26.5
0
2
26.5
171
connections
0.2631575
step
0.095
link
1.9
enable
0.19
bias
0.421052
node
0.475
disable
0.38
done
5
147 171 1 67 0
147 1000002 1.3949952141358 64 1
171 1000002 1.3949952141358 68 1
105 1000002 -1.4996396468485 65 1
170 1000003 1.7384221347693 66 1
26.5
171
connections
0.277007479225
step
0.095
link
1.805
enable
0.1805
bias
0.44321196676
node
0.45125
disable
0.3999994
done
8
147 171 0.92967148145878 67 0
170 171 -1.7244185692279 1452 1
1000002 1000001 0.65578190733482 1450 1
171 1000002 -1.4987301619252 68 1
147 1000002 1.3843457992418 64 1
105 1000002 -1.517460024684 65 1
31 1000002 1.418682643873 1451 0
170 1000003 1.8029178036274 66 1
26.5
0
2
26.5
171
connections
0.2375
step
0.105263
link
1.9
enable
0.19
bias
0.38
node
0.475
disable
0.38
done
4
41 171 1 71 0
41 1000003 0.67280385581441 69 0
171 1000003 0.67280385581441 72 1
145 1000005 0.97194519032349 70 1
26.5
171
connections
0.249999625
step
0.11080299169
link
1.805
enable
0.1999997
bias
0.3999994
node
0.49999925
disable
0.361
done
7
41 171 1 71 1
170 171 -0.261449772055 1386 1
171 1000003 0.67280385581441 72 1
41 1000003 0.67280385581441 69 0
131 1000005 -0.51064395462658 1384 1
15 1000005 0.79180011655754 1385 1
145 1000005 0.97194519032349 70 1
26.5
0
1
26.5
171
connections
0.2375
step
0.095
link
2.10526
enable
0.19
bias
0.421052
node
0.526315
disable
0.38
done
5
32 171 1 76 1
107 1000002 0.092231263449523 73 0
170 1000002 -1.9716759975868 75 1
32 1000002 -1.8178868143903 74 0
171 1000002 -1.8178868143903 77 1
26.5
0
1
26.5
170
connections
0.2631575
step
0.095
link
2.10526
enable
0.19
bias
0.38
node
0.475
disable
0.38
done
3
67 1000001 0.90869504907573 79 1
11 1000003 0.96483510311918 78 1
170 1000005 -1.3529313389924 80 1
26.5
0
1
26.5
170
connections
0.2375
step
0.105263
link
2.10526
enable
0.210526
bias
0.38
node
0.526315
disable
0.38
done
2
136 1000002 -1.3741225262052 82 1
108 1000004 -0.97753818658066 81 0
193.5
0
2
193.5
171
connections
0.2631575
step
0.095
link
1.9
enable
0.19
bias
0.421052
node
0.526315
disable
0.38
done
5
26 171 1 86 1
66 1000002 0.88587654702639 83 1
171 1000005 -1.0836923155392 87 1
26 1000005 -1.0836923155392 84 0
170 1000006 0.53685566901083 85 1
193.5
172
connections
0.277007479225
step
0.09025
link
1.999997
enable
0.1805
bias
0.44321196676
node
0.55401495845
disable
0.3999994
done
9
26 171 1 86 1
171 172 1 1034 1
66 1000002 0.88587654702639 83 1
73 1000003 -1.8448316249274 1033 1
172 1000005 -1.0836923155392 1035 1
171 1000005 -1.0836923155392 87 0
26 1000005 -1.0836923155392 84 0
25 1000006 -0.12004413554447 1032 0
170 1000006 0.53685566901083 85 1
26.5
0
2
26.5
171
connections
0.2631575
step
0.095
link
2.10526
enable
0.210526
bias
0.38
node
0.475
disable
0.421052
done
4
32 171 1 90 1
25 1000003 -1.5196544991432 88 1
32 1000006 0.49642152827998 89 0
171 1000006 0.49642152827998 91 1
26.5
171
connections
0.249999625
step
0.095
link
1.999997
enable
0.22160598338
bias
0.361
node
0.45125
disable
0.3999994
done
6
32 171 1 90 1
84 171 -0.41988386326464 1276 0
126 1000003 0.97276095625607 1277 1
25 1000003 -1.5196544991432 88 1
171 1000006 0.49642152827998 91 1
32 1000006 0.49642152827998 89 0
26.5
0
1
26.5
171
connections
0.2631575
step
0.095
link
2.10526
enable
0.210526
bias
0.421052
node
0.526315
disable
0.38
done
5
71 171 1 95 1
145 1000001 -1.3824613948271 94 1
166 1000004 -0.38560778199956 92 1
71 1000005 -0.98299487446574 93 0
171 1000005 -0.98299487446574 96 1
26.5
0
1
26.5
170
connections
0.2631575
step
0.095
link
1.9
enable
0.210526
bias
0.38
node
0.526315
disable
0.421052
done
3
83 1000002 -0.56251880832134 97 1
170 1000004 0.42619722635774 99 1
155 1000006 0.86698864533891 98 1
26.5
0
1
26.5
170
connections
0.2631575
step
0.105263
link
2.10526
enable
0.210526
bias
0.421052
node
0.475
disable
0.38
done
2
97 1000004 1.9943526983235 101 1
144 1000005 0.71378846034118 100 1
26.5
0
2
26.5
171
connections
0.2631575
step
0.095
link
1.9
enable
0.210526
bias
0.421052
node
0.475
disable
0.38
done
4
24 171 1 104 1
24 1000001 1.0278933229986 102 0
171 1000001 1.0278933229986 105 1
170 1000003 0.10426049032447 103 1
26.5
171
connections
0.277007479225
step
0.09025
link
1.999997
enable
0.22160598338
bias
0.44321196676
node
0.49999925
disable
0.3999994
done
6
24 171 1 104 1
18 171 1.874280750693 1387 1
171 1000001 1.0278933229986 105 1
24 1000001 1.0278933229986 102 0
62 1000002 -0.14138838375983 1388 1
170 1000003 0.10426049032447 103 1
26.5
0
1
26.5
170
connections
0.2631575
step
0.095
link
1.9
enable
0.19
bias
0.38
node
0.526315
disable
0.421052
done
3
100 1000001 -1.2218366429311 107 1
79 1000002 0.35782631968978 106 1
170 1000003 -1.2484417908119 108 0
26.5
0
1
26.5
170
connections
0.2631575
step
0.095
link
1.9
enable
0.210526
bias
0.38
node
0.526315
disable
0.421052
done
2
16 1000003 0.8432025158979 110 1
7 1000004 -1.9493492059174 109 0
26.5
0
1
26.5
171
connections
0.2631575
step
0.095
link
1.9
enable
0.210526
bias
0.421052
node
0.526315
disable
0.421052
done
5
170 171 1 114 1
129 1000004 -1.7861621211218 112 1
46 1000006 1.4304360521168 111 1
170 1000006 -0.4047994885616 113 1
171 1000006 -0.4047994885616 115 1
26.5
0
1
26.5
171
connections
0.2631575
step
0.095
link
2.10526
enable
0.19
bias
0.38
node
0.526315
disable
0.421052
done
5
170 171 1 119 1
125 1000001 1.0111510581389 116 1
170 1000001 -0.27366668091792 118 0
139 1000001 0.10604330995402 117 1
171 1000001 -0.27366668091792 120 1
26.5
0
1
26.5
171
connections
0.2375
step
0.095
link
2.10526
enable
0.19
bias
0.421052
node
0.526315
disable
0.421052
done
5
170 171 1 124 1
161 1000001 -0.14007001469846 122 0
1000005 1000003 -1.4308744126143 121 1
170 1000003 0.10975619503751 123 0
171 1000003 0.10975619503751 125 1
26.5
0
1
26.5
170
connections
0.2375
step
0.095
link
1.9
enable
0.210526
bias
0.38
node
0.475
disable
0.38
done
3
136 1000002 0.19077604366037 126 1
163 1000005 0.68638814924582 127 1
170 1000005 -0.26899872080842 128 1
26.5
0
1
26.5
171
connections
0.2375
step
0.105263
link
1.9
enable
0.210526
bias
0.421052
node
0.526315
disable
0.38
done
5
63 171 1 132 1
63 1000003 -1.9508885890017 129 1
171 1000003 -1.9508885890017 133 1
80 1000003 0.47580049488498 130 1
170 1000004 0.32406108562092 131 0
26.5
0
1
26.5
170
connections
0.2631575
step
0.105263
link
1.9
enable
0.210526
bias
0.38
node
0.526315
disable
0.38
done
3
170 1000002 -0.38049817568646 136 1
55 1000002 -0.95107236641975 135 1
28 1000004 -0.3459651499735 134 0
26.5
0
2
26.5
171
connections
0.2375
step
0.105263
link
1.9
enable
0.19
bias
0.421052
node
0.526315
disable
0.421052
done
4
2 171 1 139 1
65 1000003 -1.7768860048507 138 1
2 1000006 0.88790602557729 137 0
171 1000006 0.88790602557729 140 1
26.5
171
connections
0.249999625
step
0.095
link
1.999997
enable
0.1805
bias
0.3999994
node
0.55401495845
disable
0.3999994
done
6
2 171 1 139 1
65 1000003 -1.7768860048507 138 1
94 1000004 -1.5804435050024 1278 1
171 1000006 0.88790602557729 140 1
2 1000006 0.88790602557729 137 1
67 1000006 0.52455477906603 1279 1
26.5
0
2
26.5
171
connections
0.2375
step
0.105263
link
2.10526
enable
0.210526
bias
0.421052
node
0.475
disable
0.421052
done
6
71 171 1 145 1
170 1000002 0.78332611861794 144 1
155 1000002 -1.0416618730136 141 1
71 1000005 -1.9220389499897 143 0
171 1000005 -1.9220389499897 146 1
29 1000006 -1.5117023324183 142 1
26.5
171
connections
0.225625
step
0.105263
link
2.2160598338
enable
0.22160598338
bias
0.44321196676
node
0.45125
disable
0.3999994
done
10
71 171 1 145 1
27 1000001 -0.14553047257733 1298 1
75 1000001 -0.14904505673286 1296 1
152 1000002 -1.0485193520079 1297 1
170 1000002 0.78332611861794 144 1
155 1000002 -1.0416618730136 141 1
170 1000003 -1.3901041277638 1299 1
71 1000005 -1.9220389499897 143 0
171 1000005 -1.9220389499897 146 1
29 1000006 -1.5117023324183 142 1
26.5
0
2
26.5
171
connections
0.2375
step
0.105263
link
1.9
enable
0.19
bias
0.421052
node
0.475
disable
0.38
done
4
115 171 1 149 1
107 1000004 1.5849618351017 148 1
115 1000006 -1.9202604274825 147 0
171 1000006 -1.9202604274825 150 1
26.5
171
connections
0.225625
step
0.105263
link
1.999997
enable
0.1805
bias
0.44321196676
node
0.45125
disable
0.361
done
6
115 171 1 149 1
128 1000001 1.7218181489603 1454 1
107 1000004 1.5849618351017 148 1
102 1000006 1.9455375205472 1453 1
171 1000006 -1.9202604274825 150 1
115 1000006 -1.9202604274825 147 0
26.5
0
1
26.5
171
connections
0.2375
step
0.105263
link
1.9
enable
0.19
bias
0.38
node
0.475
disable
0.421052
done
4
156 171 1 156 1
156 1000005 -0.42611447275901 154 0
141 1000005 -0.22823111071635 155 1
171 1000005 -0.42611447275901 157 1
26.5
0
1
26.5
171
connections
0.2631575
step
0.095
link
2.10526
enable
0.210526
bias
0.421052
node
0.475
disable
0.421052
done
5
90 171 1 161 1
1000003 1000001 1.9195371679587 159 1
90 1000002 -0.32112478200399 158 0
170 1000002 0.22983134455505 160 1
171 1000002 -0.32112478200399 162 1
26.5
0
1
26.5
171
connections
0.2631575
step
0.095
link
2.10526
enable
0.210526
bias
0.421052
node
0.526315
disable
0.421052
done
4
137 171 1 165 1
137 1000003 1.5890055278265 163 0
171 1000003 1.5890055278265 166 1
131 1000004 -1.1656503133316 164 1
26.5
0
1
26.5
170
connections
0.2631575
step
0.095
link
2.10526
enable
0.19
bias
0.38
node
0.475
disable
0.38
done
3
170 1000001 -1.5152995621391 169 1
8 1000003 -1.2980471902052 167 1
1000002 1000004 -0.47308407652801 168 1
26.5
0
2
26.5
171
connections
0.2375
step
0.105263
link
2.10526
enable
0.210526
bias
0.421052
node
0.475
disable
0.421052
done
5
18 171 1 173 1
90 1000006 1.0138027886924 170 1
170 1000006 -1.7173245603765 172 1
18 1000006 1.3904731084548 171 0
171 1000006 1.3904731084548 174 1
26.5
172
connections
0.249999625
step
0.09999985
link
1.999997
enable
0.1999997
bias
0.3999994
node
0.45125
disable
0.44321196676
done
9
18 171 1 173 1
45 172 1 1479 1
32 1000004 -0.1389767220891 1478 1
45 1000006 1.6438276170026 1477 1
171 1000006 1.3904731084548 174 1
170 1000006 -1.7173245603765 172 1
18 1000006 1.3904731084548 171 0
90 1000006 1.0138027886924 170 1
172 1000006 1.6438276170026 1480 1
26.5
0
1
26.5
171
connections
0.2631575
step
0.095
link
2.10526
enable
0.19
bias
0.421052
node
0.475
disable
0.421052
done
4
21 171 1 177 1
48 1000003 -0.51590776746902 176 1
21 1000005 0.70973938643455 175 0
171 1000005 0.70973938643455 178 1
26.5
0
2
26.5
171
connections
0.2375
step
0.105263
link
2.10526
enable
0.19
bias
0.421052
node
0.475
disable
0.421052
done
4
75 171 1 181 0
75 1000003 1.120415867828 179 0
171 1000003 1.120415867828 182 1
3 1000004 -1.0081112212539 180 1
26.5
172
connections
0.225625
step
0.11080299169
link
2.2160598338
enable
0.1999997
bias
0.44321196676
node
0.45125
disable
0.44321196676
done
7
75 171 0.90637256116122 181 0
171 1000003 1.0661185500041 182 1
75 1000003 1.1120992635509 179 0
29 1000004 -0.58979728566008 1287 1
3 1000004 -0.9765585774776 180 0
170 1000004 -1.0865122857906 1288 1
47 1000006 0.47729672048115 1286 1
26.5
0
1
26.5
171
connections
0.2375
step
0.105263
link
2.10526
enable
0.19
bias
0.421052
node
0.475
disable
0.421052
done
5
99 171 1 186 1
100 1000001 -1.6461379638157 183 1
170 1000004 1.8892524875185 185 1
99 1000006 -1.5320332569685 184 0
171 1000006 -1.5320332569685 187 1
26.5
0
1
26.5
171
connections
0.2375
step
0.105263
link
1.9
enable
0.19
bias
0.421052
node
0.526315
disable
0.421052
done
4
120 171 1 190 0
85 1000001 -1.8849159124703 189 1
120 1000003 0.90082318843381 188 0
171 1000003 0.90082318843381 191 1
26.5
0
1
26.5
170
connections
0.2631575
step
0.105263
link
2.10526
enable
0.19
bias
0.421052
node
0.526315
disable
0.421052
done
3
121 1000001 1.7561461812612 192 1
43 1000002 0.35767183935161 193 1
170 1000002 -1.9869600124596 194 0
26.5
0
1
26.5
170
connections
0.2631575
step
0.105263
link
1.9
enable
0.19
bias
0.38
node
0.526315
disable
0.38
done
2
73 1000001 -0.76844347956052 195 1
49 1000003 0.94082798573227 196 1
26.5
0
1
26.5
170
connections
0.2631575
step
0.095
link
2.10526
enable
0.210526
bias
0.421052
node
0.475
disable
0.421052
done
4
170 1000002 -0.15861202504421 200 1
48 1000002 -0.76198592538107 198 1
1 1000003 0.040720582958647 199 0
60 1000003 -0.40459018126344 197 1
26.5
0
1
26.5
170
connections
0.2631575
step
0.105263
link
1.9
enable
0.210526
bias
0.38
node
0.475
disable
0.421052
done
2
87 1000003 1.0742478347729 201 1
35 1000004 1.9438412580378 202 1
26.5
0
2
26.5
171
connections
0.2631575
step
0.095
link
1.9
enable
0.19
bias
0.421052
node
0.526315
disable
0.421052
done
3
1000002 171 1 204 1
1000002 1000004 0.23637622140179 203 0
171 1000004 0.23637622140179 205 1
26.5
171
connections
0.249999625
step
0.105263
link
1.805
enable
0.1999997
bias
0.44321196676
node
0.55401495845
disable
0.44321196676
done
5
1000002 171 1.0250899223829 204 1
170 1000003 1.9385043307852 1295 1
90 1000004 -0.92301301980531 1294 1
1000002 1000004 0.22662882058047 203 0
171 1000004 0.15683208747496 205 1
26.5
0
1
26.5
171
connections
0.2631575
step
0.095
link
1.9
enable
0.19
bias
0.421052
node
0.526315
disable
0.38
done
5
170 171 1 209 1
136 1000003 -1.0859428937947 206 1
170 1000003 -1.6510813309118 208 1
171 1000003 -1.6510813309118 210 1
169 1000005 -0.80469518471728 207 1
26.5
0
1
26.5
170
connections
0.2631575
step
0.095
link
2.10526
enable
0.19
bias
0.38
node
0.475
disable
0.38
done
3
42 1000001 -1.2270917404569 211 1
170 1000001 1.9751021005097 213 1
82 1000003 -0.75950972491852 212 1
193.5
0
2
193.5
171
connections
0.2375
step
0.105263
link
2.10526
enable
0.210526
bias
0.421052
node
0.526315
disable
0.38
done
5
136 171 1 217 1
31 1000002 -1.4268275999589 215 1
136 1000003 -0.92302801596142 214 1
171 1000003 -0.92302801596142 218 1
170 1000006 0.030909049339084 216 1
56
172
connections
0.225625
step
0.11080299169
link
1.999997
enable
0.1999997
bias
0.44321196676
node
0.49999925
disable
0.3999994
done
9
136 171 1 217 1
172 171 1 1039 1
136 172 1 1038 1
31 1000002 -1.4268275999589 215 1
83 1000002 1.5035887861175 1036 0
136 1000003 -0.92302801596142 214 1
171 1000003 -0.92302801596142 218 1
118 1000004 1.8658347706617 1037 1
170 1000006 0.030909049339084 216 1
26.5
0
3
26.5
171
connections
0.2375
step
0.105263
link
2.10526
enable
0.19
bias
0.38
node
0.526315
disable
0.38
done
4
1000005 171 1 221 1
171 1000005 1.5818333400329 222 1
1000005 1000005 1.5818333400329 220 0
166 1000006 1.5471821443863 219 1
26.5
171
connections
0.225625
step
0.09999985
link
2.2160598338
enable
0.1805
bias
0.3999994
node
0.55401495845
disable
0.361
done
6
1000005 171 1 221 1
146 1000005 -0.019398183570895 1342 1
1000005 1000005 1.5818333400329 220 0
171 1000005 1.5818333400329 222 1
166 1000006 1.5471821443863 219 1
9 1000006 -0.6645071239511 1343 1
26.5
171
connections
0.249999625
step
0.095
link
1.999997
enable
0.1999997
bias
0.361
node
0.49999925
disable
0.361
done
7
1000005 171 1 221 1
58 1000003 -1.1147470712265 1345 1
143 1000003 0.23179927199697 1344 1
171 1000005 1.5818333400329 222 1
1000005 1000005 1.5818333400329 220 0
166 1000006 1.5471821443863 219 1
170 1000006 -0.010231680241521 1346 1
26.5
0
1
26.5
170
connections
0.2631575
step
0.095
link
1.9
enable
0.19
bias
0.38
node
0.526315
disable
0.38
done
2
168 1000003 -0.94657220269859 223 1
92 1000003 -1.261951028957 224 1
26.5
0
1
26.5
171
connections
0.2631575
step
0.105263
link
2.10526
enable
0.19
bias
0.421052
node
0.475
disable
0.421052
done
4
77 171 1 227 1
77 1000001 1.9637126680295 225 0
148 1000001 1.841541554705 226 0
171 1000001 1.9637126680295 228 1
26.5
0
1
26.5
170
connections
0.2375
step
0.105263
link
1.9
enable
0.19
bias
0.421052
node
0.526315
disable
0.38
done
2
64 1000001 0.83437711877487 229 1
90 1000001 -1.3385622144391 230 1
26.5
0
1
26.5
171
connections
0.2375
step
0.095
link
2.10526
enable
0.19
bias
0.421052
node
0.526315
disable
0.421052
done
4
1000001 171 1 233 1
1000001 1000004 1.8668603821969 231 0
113 1000004 0.73247640893444 232 1
171 1000004 1.8668603821969 234 1
26.5
0
1
26.5
171
connections
0.2631575
step
0.095
link
1.9
enable
0.19
bias
0.38
node
0.526315
disable
0.38
done
5
95 171 1 238 1
95 1000001 -0.97997765381819 235 0
170 1000001 0.43954255545491 237 1
171 1000001 -0.97997765381819 239 0
56 1000004 -0.28390545318085 236 1
26.5
0
1
26.5
170
connections
0.2631575
step
0.105263
link
1.9
enable
0.19
bias
0.421052
node
0.475
disable
0.421052
done
2
28 1000001 -1.8496902379439 240 1
78 1000004 1.4983325970817 241 0
26.5
0
1
26.5
171
connections
0.2375
step
0.095
link
2.10526
enable
0.210526
bias
0.38
node
0.526315
disable
0.421052
done
5
32 171 1 245 1
34 1000001 -1.2302936945252 244 1
171 1000003 -1.359348049089 246 0
32 1000003 -1.359348049089 243 1
149 1000004 -1.2937668651779 242 1
26.5
0
1
26.5
171
connections
0.2375
step
0.095
link
1.9
enable
0.19
bias
0.38
node
0.526315
disable
0.421052
done
4
168 171 1 249 0
168 1000002 1.4038826764579 247 0
171 1000002 1.4038826764579 250 1
95 1000003 -0.45575620534632 248 1
26.5
0
1
26.5
170
connections
0.2375
step
0.095
link
1.9
enable
0.210526
bias
0.421052
node
0.475
disable
0.421052
done
1
151 1000001 -0.3006759743675 251 1
26.5
0
1
26.5
171
connections
0.2375
step
0.105263
link
1.9
enable
0.19
bias
0.38
node
0.526315
disable
0.38
done
4
96 171 1 254 1
113 1000005 -1.2204658348209 253 1
96 1000006 -0.72991390280887 252 0
171 1000006 -0.72991390280887 255 1
26.5
0
2
26.5
171
connections
0.2631575
step
0.105263
link
2.10526
enable
0.19
bias
0.38
node
0.526315
disable
0.421052
done
5
163 171 1 259 1
171 1000002 -0.048897325084031 260 1
170 1000002 -1.2499246426159 258 1
163 1000002 -0.048897325084031 257 0
66 1000005 0.19336071898852 256 1
26.5
171
connections
0.277007479225
step
0.095
link
1.999997
enable
0.1805
bias
0.361
node
0.55401495845
disable
0.3999994
done
8
163 171 1 259 1
50 1000001 1.2168764393855 1399 1
170 1000002 -1.2499246426159 258 1
163 1000002 -0.048897325084031 257 0
171 1000002 -0.048897325084031 260 1
66 1000005 0.19336071898852 256 1
170 1000005 -0.88795386575533 1400 1
78 1000006 -1.7176376989659 1398 1
26.5
0
1
26.5
170
connections
0.2631575
step
0.105263
link
1.9
enable
0.210526
bias
0.38
node
0.475
disable
0.38
done
2
79 1000003 -0.59090644614348 261 1
45 1000006 0.34730677229693 262 1
26.5
0
1
26.5
171
connections
0.2375
step
0.105263
link
1.9
enable
0.19
bias
0.421052
node
0.526315
disable
0.421052
done
5
14 171 1 266 1
170 1000001 1.1860124185616 265 1
171 1000003 -0.41670937576178 267 1
14 1000003 -0.41670937576178 264 1
75 1000006 -1.0762938927283 263 1
26.5
0
1
26.5
170
connections
0.2375
step
0.105263
link
2.10526
enable
0.210526
bias
0.38
node
0.475
disable
0.421052
done
2
101 1000002 -0.86167142859738 269 0
47 1000005 -0.91152707995452 268 1
26.5
0
1
26.5
170
connections
0.2631575
step
0.105263
link
1.9
enable
0.19
bias
0.421052
node
0.526315
disable
0.421052
done
2
4 1000001 -1.1529944516499 271 1
125 1000006 -1.7757284696101 270 1
26.5
0
1
26.5
171
connections
0.2375
step
0.095
link
2.10526
enable
0.210526
bias
0.421052
node
0.475
disable
0.421052
done
4
157 171 1 274 0
157 1000003 0.53933202966085 272 0
43 1000003 -0.42711129897605 273 1
171 1000003 0.53933202966085 275 1
26.5
0
1
26.5
170
connections
0.2631575
step
0.095
link
2.10526
enable
0.210526
bias
0.38
node
0.526315
disable
0.38
done
3
20 1000001 -0.055914736378898 277 1
170 1000002 1.8121639079471 278 0
131 1000005 0.68113966597297 276 1
26.5
0
3
26.5
171
connections
0.2375
step
0.105263
link
1.9
enable
0.210526
bias
0.38
node
0.526315
disable
0.421052
done
5
73 171 1 282 1
82 1000002 -0.91697942228847 279 1
171 1000003 0.44651702905377 283 1
73 1000003 0.44651702905377 280 0
170 1000006 -1.2964272514435 281 1
26.5
171
connections
0.225625
step
0.11080299169
link
1.805
enable
0.1999997
bias
0.3999994
node
0.55401495845
disable
0.3999994
done
6
73 171 1.005423666641 282 1
58 171 1.1011008373932 1040 1
82 1000002 -0.90705299838669 279 1
171 1000003 0.45287542591214 283 1
73 1000003 0.4301544664136 280 0
170 1000006 -1.406880700606 281 1
26.5
172
connections
0.249999625
step
0.09999985
link
1.999997
enable
0.22160598338
bias
0.361
node
0.55401495845
disable
0.44321196676
done
9
73 171 1 282 1
55 172 1 1312 1
81 1000001 0.47510396618168 1310 1
82 1000002 -0.91697942228847 279 1
73 1000003 0.44651702905377 280 0
171 1000003 0.44651702905377 283 1
55 1000004 1.2580682724985 1311 0
172 1000004 1.2580682724985 1313 0
170 1000006 -1.2964272514435 281 1
26.5
0
1
26.5
171
connections
0.2631575
step
0.095
link
2.10526
enable
0.210526
bias
0.421052
node
0.526315
disable
0.38
done
5
116 171 1 287 1
94 1000003 1.2284399006648 284 1
171 1000004 0.74314437189286 288 1
116 1000004 0.74314437189286 285 0
170 1000006 -0.027559493681211 286 1
26.5
0
1
26.5
170
connections
0.2631575
step
0.105263
link
1.9
enable
0.19
bias
0.38
node
0.526315
disable
0.38
done
3
170 1000002 1.8267647027163 291 0
32 1000002 0.54040786183458 290 1
124 1000006 -1.7636918647977 289 1
26.5
0
1
26.5
170
connections
0.2375
step
0.095
link
1.9
enable
0.210526
bias
0.421052
node
0.526315
disable
0.38
done
3
170 1000001 -1.5917735749817 294 1
53 1000002 -0.76838090027141 293 1
81 1000004 0.9570678989203 292 1
26.5
0
3
26.5
171
connections
0.2375
step
0.105263
link
2.10526
enable
0.19
bias
0.38
node
0.475
disable
0.38
done
4
43 171 1 297 1
43 1000002 1.7739620226314 295 0
171 1000002 1.7739620226314 298 1
144 1000004 -1.3684841037581 296 1
26.5
171
connections
0.249999625
step
0.09999985
link
1.999997
enable
0.1805
bias
0.3999994
node
0.45125
disable
0.3999994
done
7
43 171 1 297 1
170 171 1.698822405049 1050 1
171 1000002 1.7739620226314 298 1
43 1000002 1.7739620226314 295 0
19 1000004 1.7504222745776 1048 1
166 1000004 -0.64175980102353 1049 1
144 1000004 -1.3684841037581 296 0
26.5
171
connections
0.249999625
step
0.11080299169
link
1.999997
enable
0.1805
bias
0.3999994
node
0.45125
disable
0.361
done
7
43 171 1 297 1
17 171 0.5396217454875 1308 1
171 1000002 1.7739620226314 298 1
43 1000002 1.7739620226314 295 0
144 1000004 -1.3684841037581 296 1
34 1000005 1.0662714443478 1307 1
170 1000006 -1.3641536940654 1309 1
26.5
0
1
26.5
171
connections
0.2375
step
0.095
link
2.10526
enable
0.210526
bias
0.421052
node
0.526315
disable
0.421052
done
4
129 171 1 301 1
171 1000003 1.904067160517 302 0
129 1000003 1.904067160517 300 0
124 1000004 -1.5200225578249 299 1
26.5
0
1
26.5
170
connections
0.2631575
step
0.095
link
1.9
enable
0.210526
bias
0.421052
node
0.526315
disable
0.38
done
2
116 1000004 -0.48946754564041 303 1
18 1000006 1.4350546148769 304 1
26.5
0
2
26.5
171
connections
0.2375
step
0.105263
link
2.10526
enable
0.19
bias
0.421052
node
0.475
disable
0.421052
done
4
136 171 1 307 1
9 1000001 1.1650653477595 306 1
136 1000002 1.2642430138142 305 0
171 1000002 1.2642430138142 308 1
26.5
171
connections
0.249999625
step
0.11080299169
link
2.2160598338
enable
0.1999997
bias
0.3999994
node
0.49999925
disable
0.3999994
done
7
136 171 1 307 1
9 1000001 1.1650653477595 306 1
136 1000002 1.2642430138142 305 0
171 1000002 1.2642430138142 308 1
43 1000003 -0.6809494880405 1057 1
119 1000004 1.1916165143212 1056 1
167 1000005 1.6098641099454 1058 0
26.5
0
1
26.5
170
connections
0.2631575
step
0.105263
link
2.10526
enable
0.210526
bias
0.421052
node
0.475
disable
0.38
done
2
125 1000005 -1.7898299581324 309 1
95 1000005 1.0856438163135 310 0
26.5
0
1
26.5
171
connections
0.2375
step
0.105263
link
1.9
enable
0.210526
bias
0.421052
node
0.526315
disable
0.38
done
5
76 171 1 314 1
170 1000001 0.72985076845151 313 1
171 1000003 1.0941170375301 315 1
76 1000003 1.0941170375301 312 0
157 1000006 1.2331153858607 311 1
193.5
0
3
193.5
170
connections
0.2631575
step
0.105263
link
2.10526
enable
0.19
bias
0.38
node
0.526315
disable
0.421052
done
3
49 1000001 1.6048052886523 319 1
34 1000001 -0.41146045662996 320 1
170 1000006 1.5475022008398 321 1
26.5
170
connections
0.249999625
step
0.09999985
link
1.999997
enable
0.1999997
bias
0.3999994
node
0.55401495845
disable
0.44321196676
done
5
49 1000001 1.6048052886523 319 1
34 1000001 -0.41146045662996 320 1
161 1000004 -0.014123327105364 1413 1
95 1000005 1.9994482826439 1412 1
170 1000006 1.5475022008398 321 0
193.5
170
connections
0.249999625
step
0.09999985
link
1.999997
enable
0.1805
bias
0.361
node
0.49999925
disable
0.44321196676
done
5
49 1000001 1.6048052886523 319 1
34 1000001 -0.41146045662996 320 1
144 1000005 1.8772826529468 1435 1
99 1000006 0.073995568823999 1434 1
170 1000006 1.5475022008398 321 1
26.5
0
3
26.5
171
connections
0.2375
step
0.095
link
1.9
enable
0.210526
bias
0.421052
node
0.526315
disable
0.38
done
4
60 171 1 324 1
38 1000002 -1.9737525563565 322 1
60 1000003 1.1207890580971 323 0
171 1000003 1.1207890580971 325 1
26.5
171
connections
0.225625
step
0.095
link
1.805
enable
0.1999997
bias
0.44321196676
node
0.55401495845
disable
0.3999994
done
7
60 171 1 324 1
38 1000002 -1.9737525563565 322 1
72 1000002 -1.6744352596227 1071 1
171 1000003 1.1207890580971 325 0
170 1000003 -0.23392468049839 1072 1
60 1000003 1.1207890580971 323 1
12 1000005 -0.58602978968342 1070 1
26.5
171
connections
0.249999625
step
0.09999985
link
1.999997
enable
0.22160598338
bias
0.44321196676
node
0.55401495845
disable
0.361
done
7
60 171 1 324 1
102 1000001 -0.36036473436298 1474 1
157 1000001 -0.75099805125547 1475 1
38 1000002 -1.9737525563565 322 1
171 1000003 1.1207890580971 325 1
60 1000003 1.1207890580971 323 0
170 1000006 -0.44643424937801 1476 1
26.5
0
1
26.5
170
connections
0.2375
step
0.095
link
1.9
enable
0.19
bias
0.421052
node
0.475
disable
0.38
done
2
56 1000004 -1.8557679969146 327 1
168 1000005 0.12095558555841 326 1
26.5
0
1
26.5
170
connections
0.2375
step
0.105263
link
2.10526
enable
0.210526
bias
0.421052
node
0.475
disable
0.38
done
2
40 1000003 -1.4589825605317 328 1
76 1000005 -1.359677178487 329 1
26.5
0
4
26.5
171
connections
0.2631575
step
0.095
link
2.10526
enable
0.210526
bias
0.38
node
0.475
disable
0.421052
done
5
57 171 1 335 1
170 1000002 0.88488549128402 334 1
171 1000004 0.56911649115808 336 1
57 1000004 0.56911649115808 333 0
163 1000005 -1.198480710014 332 1
26.5
171
connections
0.277007479225
step
0.09999985
link
2.2160598338
enable
0.1999997
bias
0.3999994
node
0.49999925
disable
0.3999994
done
8
57 171 1 335 1
170 1000002 0.88488549128402 334 1
110 1000004 1.8955999295672 1080 1
57 1000004 0.56911649115808 333 0
171 1000004 0.56911649115808 336 1
163 1000005 -1.198480710014 332 1
88 1000005 -1.6389454918164 1081 1
61 1000006 -0.8896535462186 1079 1
26.5
172
connections
0.249999625
step
0.09025
link
1.999997
enable
0.1999997
bias
0.3999994
node
0.45125
disable
0.44321196676
done
9
57 171 1 335 1
170 172 1 1274 1
49 1000002 0.79127230252664 1272 1
172 1000002 0.88488549128402 1275 1
170 1000002 0.88488549128402 334 0
171 1000004 0.56911649115808 336 1
57 1000004 0.56911649115808 333 0
163 1000005 -1.198480710014 332 1
13 1000006 0.3737914647785 1273 1
26.5
171
connections
0.249999625
step
0.09025
link
1.999997
enable
0.1999997
bias
0.3999994
node
0.49999925
disable
0.44321196676
done
8
57 171 1 335 1
76 171 0.72188479580073 1300 1
170 171 1.6983885819551 1302 1
170 1000002 0.88488549128402 334 1
171 1000004 0.56911649115808 336 1
59 1000004 0.87632231361993 1301 1
57 1000004 0.56911649115808 333 0
163 1000005 -1.198480710014 332 1
26.5
0
2
26.5
171
connections
0.2631575
step
0.095
link
2.10526
enable
0.210526
bias
0.38
node
0.526315
disable
0.421052
done
5
142 171 1 340 1
122 1000002 0.81478833351973 337 1
170 1000005 -0.63642179343683 339 1
142 1000006 -0.89527656645294 338 0
171 1000006 -0.89527656645294 341 1
26.5
171
connections
0.249999625
step
0.09025
link
1.999997
enable
0.22160598338
bias
0.3999994
node
0.55401495845
disable
0.3999994
done
7
142 171 1 340 1
88 1000001 1.3689370115143 1083 1
122 1000002 0.81478833351973 337 1
16 1000004 -0.71183068059004 1082 1
170 1000005 -0.63642179343683 339 1
171 1000006 -0.89527656645294 341 1
142 1000006 -0.89527656645294 338 0
26.5
0
2
26.5
171
connections
0.2375
step
0.095
link
2.10526
enable
0.210526
bias
0.38
node
0.526315
disable
0.38
done
5
102 171 1 345 1
170 1000003 -1.1044569123091 344 1
171 1000005 0.12644889490979 346 1
102 1000005 0.12644889490979 343 0
20 1000006 -0.801059528627 342 1
26.5
171
connections
0.249999625
step
0.09025
link
1.999997
enable
0.22160598338
bias
0.361
node
0.55401495845
disable
0.3999994
done
7
102 171 1 345 1
150 171 -1.2543209918096 1084 1
170 1000003 -1.1044569123091 344 1
102 1000005 0.12644889490979 343 0
44 1000005 0.57251235589968 1085 1
171 1000005 0.12644889490979 346 1
20 1000006 -0.801059528627 342 1
26.5
0
2
26.5
170
connections
0.2375
step
0.105263
link
1.9
enable
0.210526
bias
0.38
node
0.475
disable
0.421052
done
3
41 1000002 0.68986848494498 348 1
68 1000005 -1.2460971266246 347 1
170 1000005 0.81795585659237 349 0
25.5
171
connections
0.249999625
step
0.09999985
link
1.805
enable
0.1999997
bias
0.361
node
0.49999925
disable
0.3999994
done
5
75 1000001 -0.97283812750729 1087 0
41 1000002 0.68986848494498 348 1
55 1000004 0.012714608578344 1086 1
68 1000005 -1.2460971266246 347 1
170 1000005 0.81795585659237 349 1
26.5
0
2
26.5
171
connections
0.2631575
step
0.095
link
1.9
enable
0.19
bias
0.421052
node
0.526315
disable
0.38
done
4
70 171 1 352 1
70 1000001 -0.77610148618748 350 1
32 1000001 -1.7336395064991 351 1
171 1000001 -0.77610148618748 353 0
26.5
171
connections
0.277007479225
step
0.09025
link
1.999997
enable
0.1999997
bias
0.3999994
node
0.49999925
disable
0.3999994
done
6
70 171 1 352 1
93 171 1.6004894541579 1088 1
171 1000001 -0.77610148618748 353 0
32 1000001 -1.7336395064991 351 1
70 1000001 -0.77610148618748 350 1
29 1000001 -0.50340617005872 1089 1
26.5
0
1
26.5
170
connections
0.2375
step
0.095
link
1.9
enable
0.19
bias
0.421052
node
0.475
disable
0.38
done
2
59 1000001 1.2777615726356 355 1
63 1000002 -0.53242213210669 354 1
26.5
0
1
26.5
170
connections
0.2631575
step
0.095
link
1.9
enable
0.210526
bias
0.421052
node
0.475
disable
0.421052
done
2
170 1000002 0.23954847559312 357 1
152 1000006 -1.2989722971334 356 1
26.5
0
3
26.5
171
connections
0.2631575
step
0.095
link
1.9
enable
0.210526
bias
0.38
node
0.526315
disable
0.421052
done
4
161 171 1 360 1
42 1000001 -0.83052170035919 359 0
161 1000006 1.6238199414796 358 0
171 1000006 1.6238199414796 361 1
26.5
171
connections
0.249999625
step
0.09025
link
1.805
enable
0.1999997
bias
0.3999994
node
0.49999925
disable
0.44321196676
done
7
161 171 0.9402730048292 360 1
42 1000001 -0.76962376020191 359 0
170 1000003 0.31560698259417 1098 1
171 1000004 0.97797839668485 1097 1
128 1000004 1.9248858317383 1096 1
161 1000006 1.6044330003016 358 0
171 1000006 1.6417852387868 361 1
26.5
172
connections
0.277007479225
step
0.09025
link
1.999997
enable
0.22160598338
bias
0.3999994
node
0.49999925
disable
0.3999994
done
7
161 171 -0.048640909627378 360 1
42 1000001 -0.89420037467682 359 0
170 1000005 -1.5646977739244 1265 1
12 1000006 1.6533536872144 1264 1
161 1000006 1.6746070777703 358 1
80 1000006 -0.73420333430832 1263 1
171 1000006 1.6158242067851 361 1
26.5
0
2
26.5
171
connections
0.2631575
step
0.095
link
1.9
enable
0.210526
bias
0.421052
node
0.475
disable
0.38
done
4
132 171 1 364 1
171 1000002 1.1849773466517 365 1
132 1000002 1.1849773466517 363 0
44 1000004 -1.6073253357817 362 1
26.5
171
connections
0.277007479225
step
0.09025
link
1.999997
enable
0.1999997
bias
0.44321196676
node
0.45125
disable
0.3999994
done
7
132 171 1 364 1
96 171 -1.479725282397 1100 1
132 1000002 1.1849773466517 363 1
170 1000002 -0.45697151983947 1101 0
171 1000002 1.1849773466517 365 1
161 1000003 1.7159185557235 1099 1
44 1000004 -1.6073253357817 362 1
26.5
0
1
26.5
171
connections
0.2375
step
0.105263
link
1.9
enable
0.19
bias
0.421052
node
0.526315
disable
0.421052
done
4
1000006 171 1 368 1
1000006 1000005 -1.47105732163 366 1
171 1000005 -1.47105732163 369 1
79 1000006 0.12510008091345 367 1
26.5
0
1
26.5
170
connections
0.2375
step
0.095
link
1.9
enable
0.210526
bias
0.421052
node
0.475
disable
0.421052
done
2
129 1000001 1.1453077882274 370 1
1000005 1000005 1.0615727636319 371 1
26.5
0
1
26.5
170
connections
0.2631575
step
0.095
link
2.10526
enable
0.210526
bias
0.421052
node
0.526315
disable
0.421052
done
2
12 1000002 -1.7081259841603 372 1
165 1000003 -1.9531624819865 373 1
26.5
0
3
26.5
171
connections
0.2631575
step
0.095
link
2.10526
enable
0.210526
bias
0.421052
node
0.475
disable
0.421052
done
5
170 171 1 377 1
171 1000002 -1.9751645084355 378 0
170 1000002 -1.9751645084355 376 0
165 1000003 -1.4035830420459 375 1
72 1000004 -0.71356332055925 374 1
26.5
171
connections
0.249999625
step
0.09025
link
1.999997
enable
0.1999997
bias
0.44321196676
node
0.45125
disable
0.44321196676
done
7
170 171 1 377 1
38 1000001 -0.51497928170253 1113 1
170 1000002 -1.9751645084355 376 0
171 1000002 -1.9751645084355 378 0
165 1000003 -1.4035830420459 375 1
78 1000003 1.0079022659957 1114 1
72 1000004 -0.71356332055925 374 1
26.5
171
connections
0.249999625
step
0.09999985
link
2.2160598338
enable
0.1999997
bias
0.3999994
node
0.45125
disable
0.44321196676
done
7
170 171 0.98276258577055 377 1
22 171 0.63336302276392 1402 1
170 1000002 -1.9483207174197 376 0
15 1000002 0.43005801105409 1401 0
171 1000002 -2.0459058894178 378 0
165 1000003 1.4393592027199 375 1
72 1000004 -0.71344194682521 374 1
26.5
0
1
26.5
170
connections
0.2375
step
0.105263
link
1.9
enable
0.210526
bias
0.38
node
0.475
disable
0.38
done
2
1000005 1000004 -1.0923737320548 379 1
67 1000005 1.1391412928417 380 1
26.5
0
1
26.5
170
connections
0.2375
step
0.095
link
1.9
enable
0.19
bias
0.38
node
0.475
disable
0.38
done
2
76 1000006 -1.1314344904998 381 1
57 1000006 1.1593354247321 382 0
26.5
0
1
26.5
170
connections
0.2375
step
0.095
link
1.9
enable
0.19
bias
0.421052
node
0.475
disable
0.38
done
2
168 1000003 -0.44763115721179 383 1
34 1000005 -1.4447053966321 384 1
26.5
0
3
26.5
171
connections
0.2375
step
0.095
link
1.9
enable
0.210526
bias
0.38
node
0.475
disable
0.38
done
5
143 171 1 388 1
143 1000001 0.5030214295271 386 0
171 1000001 0.5030214295271 389 1
83 1000004 1.5154182182231 385 1
170 1000005 -1.621302541169 387 1
26.5
171
connections
0.225625
step
0.09025
link
1.805
enable
0.22160598338
bias
0.361
node
0.45125
disable
0.361
done
7
143 171 1 388 1
143 1000001 0.5030214295271 386 0
171 1000001 0.5030214295271 389 1
83 1000004 1.5154182182231 385 1
31 1000004 1.8884039446192 1126 1
16 1000005 -0.43792908752241 1125 1
170 1000005 -1.621302541169 387 1
26.5
172
connections
0.225625
step
0.09999985
link
1.999997
enable
0.22160598338
bias
0.361
node
0.49999925
disable
0.361
done
9
143 171 1 388 0
120 172 1 1369 1
171 1000001 0.5030214295271 389 1
143 1000001 0.5030214295271 386 0
120 1000004 0.3217641200506 1367 0
172 1000004 0.3217641200506 1370 1
83 1000004 1.5154182182231 385 1
170 1000005 -1.621302541169 387 1
70 1000006 -0.027869732132121 1368 1
26.5
0
1
26.5
171
connections
0.2631575
step
0.105263
link
2.10526
enable
0.19
bias
0.38
node
0.526315
disable
0.38
done
5
170 171 1 393 1
171 1000004 1.9026186782413 394 1
170 1000004 1.9026186782413 392 1
54 1000005 0.10318416082449 390 1
9 1000006 -1.447620782744 391 1
26.5
0
1
26.5
170
connections
0.2375
step
0.095
link
2.10526
enable
0.210526
bias
0.421052
node
0.526315
disable
0.421052
done
2
23 1000004 1.5608878990453 395 1
69 1000004 0.55040219172388 396 1
26.5
0
1
26.5
170
connections
0.2631575
step
0.105263
link
2.10526
enable
0.210526
bias
0.38
node
0.475
disable
0.421052
done
3
82 1000003 1.5298163665132 402 1
170 1000003 0.064266813017552 404 1
1000004 1000005 0.376455982391 403 1
26.5
0
1
26.5
171
connections
0.2375
step
0.105263
link
2.10526
enable
0.210526
bias
0.421052
node
0.526315
disable
0.38
done
5
149 171 1 408 1
170 1000002 -1.6452551612841 407 1
171 1000003 0.72853268623749 409 1
149 1000003 0.72853268623749 406 0
5 1000004 1.752363439534 405 1
26.5
0
4
26.5
171
connections
0.2631575
step
0.095
link
2.10526
enable
0.210526
bias
0.421052
node
0.526315
disable
0.421052
done
4
146 171 1 412 1
146 1000001 1.9813209101471 410 0
171 1000001 1.9813209101471 413 1
23 1000005 1.9442237913349 411 1
26.5
171
connections
0.277007479225
step
0.09025
link
1.999997
enable
0.1999997
bias
0.44321196676
node
0.55401495845
disable
0.44321196676
done
7
146 171 1 412 1
55 1000001 0.37801413535048 1143 1
171 1000001 1.9813209101471 413 1
170 1000001 -1.6403923275137 1145 1
146 1000001 1.9813209101471 410 0
59 1000003 0.45545361305375 1144 1
23 1000005 1.9442237913349 411 1
26.5
171
connections
0.249999625
step
0.09025
link
2.2160598338
enable
0.22160598338
bias
0.3999994
node
0.55401495845
disable
0.44321196676
done
7
146 171 1 412 1
171 1000001 1.9813209101471 413 1
146 1000001 1.9813209101471 410 0
160 1000001 -0.19166458686426 1408 1
170 1000002 -0.54389217986907 1409 1
44 1000005 -1.4386624393233 1407 0
23 1000005 1.9442237913349 411 1
26.5
171
connections
0.249999625
step
0.09025
link
1.999997
enable
0.22160598338
bias
0.44321196676
node
0.55401495845
disable
0.3999994
done
6
146 171 1 412 1
86 171 -1.8144410512477 1449 1
171 1000001 1.9813209101471 413 1
146 1000001 1.9813209101471 410 0
169 1000003 -0.85611415973684 1448 1
23 1000005 1.9442237913349 411 0
26.5
0
3
26.5
171
connections
0.2631575
step
0.105263
link
1.9
enable
0.19
bias
0.421052
node
0.526315
disable
0.421052
done
3
72 171 1 415 1
72 1000004 1.2950679600681 414 0
171 1000004 1.2950679600681 416 1
26.5
171
connections
0.249999625
step
0.095
link
1.999997
enable
0.1999997
bias
0.44321196676
node
0.55401495845
disable
0.44321196676
done
5
72 171 1.0251723018709 415 1
96 1000003 -1.2681237511654 1147 0
103 1000004 1.9561155997012 1146 1
72 1000004 1.3571093194988 414 0
171 1000004 1.3706288777132 416 1
26.5
171
connections
0.277007479225
step
0.09999985
link
1.805
enable
0.1805
bias
0.44321196676
node
0.55401495845
disable
0.44321196676
done
4
72 171 1 415 1
49 1000001 1.2463411350019 1318 0
171 1000004 1.2950679600681 416 1
72 1000004 1.2950679600681 414 0
26.5
0
4
26.5
171
connections
0.2631575
step
0.105263
link
2.10526
enable
0.210526
bias
0.38
node
0.475
disable
0.421052
done
5
170 171 1 420 0
129 1000002 -1.818707497706 417 1
170 1000004 -0.96944142085008 419 0
171 1000004 -0.96944142085008 421 1
57 1000005 1.5532136576032 418 1
26.5
171
connections
0.277007479225
step
0.11080299169
link
2.2160598338
enable
0.22160598338
bias
0.3999994
node
0.45125
disable
0.44321196676
done
8
170 171 1 420 1
22 171 0.12721476802938 1149 1
129 1000002 -1.818707497706 417 1
139 1000003 -0.71182457483924 1148 1
171 1000004 -0.96944142085008 421 1
170 1000004 -0.96944142085008 419 0
57 1000005 1.5532136576032 418 1
14 1000005 -1.314275782236 1150 1
26.5
171
connections
0.277007479225
step
0.09999985
link
2.2160598338
enable
0.22160598338
bias
0.3999994
node
0.49999925
disable
0.3999994
done
7
170 171 1 420 0
141 171 0.18037965063955 1336 1
129 1000002 -1.818707497706 417 1
170 1000004 -0.96944142085008 419 0
171 1000004 -0.96944142085008 421 1
57 1000005 1.5532136576032 418 0
163 1000006 1.2828616254418 1335 1
26.5
172
connections
0.277007479225
step
0.105263
link
1.999997
enable
0.1999997
bias
0.3999994
node
0.49999925
disable
0.3999994
done
7
170 171 1 420 0
28 171 -0.021404909911288 1390 1
129 1000002 -1.818707497706 417 1
170 1000004 -0.96944142085008 419 0
171 1000004 -0.96944142085008 421 1
12 1000004 -0.36490551864957 1389 0
57 1000005 1.5532136576032 418 1
26.5
0
2
26.5
171
connections
0.2375
step
0.105263
link
2.10526
enable
0.210526
bias
0.38
node
0.475
disable
0.421052
done
4
34 171 1 424 1
171 1000004 -1.5755265762915 425 1
34 1000004 -1.5755265762915 423 0
152 1000005 -0.2183919205416 422 0
26.5
171
connections
0.249999625
step
0.105263
link
1.999997
enable
0.1999997
bias
0.361
node
0.49999925
disable
0.44321196676
done
6
34 171 1 424 1
167 1000002 -0.10883516171427 1152 1
73 1000004 -0.074044059065191 1151 1
171 1000004 -1.5755265762915 425 1
34 1000004 -1.5755265762915 423 0
152 1000005 -0.2183919205416 422 0
26.5
0
1
26.5
171
connections
0.2375
step
0.095
link
1.9
enable
0.19
bias
0.38
node
0.526315
disable
0.38
done
5
90 171 1 429 0
1000005 1000004 -1.435271486377 426 1
170 1000004 1.1379417307386 428 1
90 1000006 0.35835780313162 427 0
171 1000006 0.35835780313162 430 1
26.5
0
1
26.5
171
connections
0.2631575
step
0.105263
link
2.10526
enable
0.19
bias
0.421052
node
0.526315
disable
0.38
done
4
8 171 1 433 1
171 1000001 -1.8031601998038 434 1
8 1000001 -1.8031601998038 432 0
104 1000004 -1.2788226191321 431 1
26.5
0
1
26.5
170
connections
0.2375
step
0.095
link
2.10526
enable
0.210526
bias
0.38
node
0.475
disable
0.421052
done
2
109 1000001 -0.092634194573683 435 1
29 1000004 -1.451797654597 436 1
26.5
0
1
26.5
170
connections
0.2631575
step
0.105263
link
1.9
enable
0.210526
bias
0.421052
node
0.526315
disable
0.421052
done
2
102 1000003 0.50063046556927 437 1
3 1000003 1.0610103863576 438 1
193.5
0
1
193.5
170
connections
0.2375
step
0.095
link
1.9
enable
0.19
bias
0.38
node
0.526315
disable
0.421052
done
2
46 1000005 -1.5492910628902 439 1
116 1000006 1.1906503733204 440 1
193.5
0
2
193.5
170
connections
0.2375
step
0.105263
link
1.9
enable
0.210526
bias
0.421052
node
0.475
disable
0.421052
done
3
68 1000004 0.034865352341377 441 1
118 1000006 1.9636502917687 442 1
170 1000006 0.35562213247438 443 1
196
170
connections
0.225625
step
0.09999985
link
1.805
enable
0.1999997
bias
0.3999994
node
0.49999925
disable
0.44321196676
done
5
106 1000001 0.20948919197986 1160 1
68 1000004 0.1048648972624 441 1
8 1000005 0.28166150780472 1159 0
118 1000006 2.0612422299549 442 1
170 1000006 0.88765157521127 443 1
26.5
0
1
26.5
171
connections
0.2631575
step
0.095
link
2.10526
enable
0.210526
bias
0.38
node
0.526315
disable
0.38
done
4
152 171 1 446 1
139 1000001 1.428509896355 444 1
152 1000005 -1.778058370472 445 0
171 1000005 -1.778058370472 447 1
26.5
0
1
26.5
170
connections
0.2631575
step
0.095
link
1.9
enable
0.19
bias
0.38
node
0.526315
disable
0.38
done
2
141 1000002 -1.4638590139634 448 1
50 1000005 -0.081037963778264 449 1
26.5
0
1
26.5
170
connections
0.2375
step
0.105263
link
2.10526
enable
0.210526
bias
0.421052
node
0.526315
disable
0.421052
done
3
170 1000001 -1.7566378935038 452 1
24 1000004 -1.2659442514488 451 1
66 1000006 -1.9106048456908 450 0
26.5
0
2
26.5
171
connections
0.2375
step
0.105263
link
1.9
enable
0.210526
bias
0.38
node
0.475
disable
0.38
done
4
41 171 1 455 1
108 1000001 -0.037292829732081 454 1
41 1000005 1.6208207847647 453 0
171 1000005 1.6208207847647 456 1
25.5
171
connections
0.249999625
step
0.105263
link
1.999997
enable
0.22160598338
bias
0.361
node
0.49999925
disable
0.361
done
7
41 171 1 455 1
149 171 -1.5664822568961 1172 1
170 171 0.95596049491128 1174 1
108 1000001 -0.037292829732081 454 1
41 1000005 1.6208207847647 453 0
108 1000005 1.8071455246802 1173 1
171 1000005 1.6208207847647 456 1
193.5
0
1
193.5
170
connections
0.2631575
step
0.105263
link
2.10526
enable
0.19
bias
0.421052
node
0.526315
disable
0.38
done
3
44 1000002 -1.2391815722171 457 1
86 1000004 -1.8589079658775 458 0
170 1000006 1.0391656379398 459 1
26.5
0
2
26.5
171
connections
0.2631575
step
0.105263
link
2.10526
enable
0.210526
bias
0.421052
node
0.475
disable
0.38
done
4
129 171 1 462 1
171 1000001 -0.71809001020998 463 1
129 1000001 -0.71809001020998 461 1
152 1000004 -1.3239624515753 460 1
26.5
171
connections
0.277007479225
step
0.105263
link
2.2160598338
enable
0.22160598338
bias
0.3999994
node
0.45125
disable
0.3999994
done
6
129 171 0.99463969071952 462 1
171 1000001 -0.6817869155527 463 1
129 1000001 -0.80134178619478 461 1
12 1000002 -1.8522462862787 1324 1
32 1000003 1.3082403947172 1325 1
152 1000004 -1.2631762678764 460 1
26.5
0
2
26.5
171
connections
0.2375
step
0.095
link
2.10526
enable
0.210526
bias
0.38
node
0.526315
disable
0.38
done
4
40 171 1 466 1
40 1000004 -1.3631247614339 464 0
171 1000004 -1.3631247614339 467 1
123 1000005 -1.8255731294982 465 1
26.5
171
connections
0.225625
step
0.09999985
link
2.2160598338
enable
0.22160598338
bias
0.3999994
node
0.49999925
disable
0.361
done
6
40 171 1 466 1
120 1000001 1.2527073823161 1182 1
171 1000004 -1.3631247614339 467 1
40 1000004 -1.3631247614339 464 0
123 1000005 -1.8255731294982 465 1
152 1000006 -0.34008512754929 1183 1
26.5
0
1
26.5
170
connections
0.2631575
step
0.105263
link
1.9
enable
0.19
bias
0.421052
node
0.475
disable
0.38
done
2
79 1000003 0.44968721198369 468 1
40 1000004 0.68968118852455 469 0
26.5
0
1
26.5
170
connections
0.2631575
step
0.105263
link
1.9
enable
0.210526
bias
0.421052
node
0.526315
disable
0.38
done
2
2 1000001 -1.7918668984398 470 1
119 1000006 1.0903798281636 471 1
26.5
0
3
26.5
171
connections
0.2631575
step
0.095
link
2.10526
enable
0.19
bias
0.421052
node
0.475
disable
0.421052
done
4
167 171 1 474 1
48 1000002 -0.36175458243198 473 1
167 1000006 -1.7652409056971 472 0
171 1000006 -1.7652409056971 475 1
26.5
171
connections
0.249999625
step
0.09025
link
1.999997
enable
0.1999997
bias
0.3999994
node
0.49999925
disable
0.3999994
done
7
167 171 1 474 1
48 1000002 -0.36175458243198 473 1
170 1000002 -1.1904774621085 1193 1
168 1000004 -0.61433786275533 1192 0
14 1000005 0.96544410240159 1191 1
167 1000006 -1.7652409056971 472 0
171 1000006 -1.7652409056971 475 1
193.5
172
connections
0.249999625
step
0.09999985
link
2.2160598338
enable
0.1805
bias
0.3999994
node
0.45125
disable
0.3999994
done
7
167 171 0.99073926141565 474 1
170 171 -1.4989702233574 1366 1
1000002 1000001 1.9272865745832 1364 1
48 1000002 -0.35174973787724 473 0
167 1000006 -1.7788022058991 472 0
108 1000006 1.3172328487585 1365 1
171 1000006 -1.7672129414579 475 1
26.5
0
2
26.5
171
connections
0.2375
step
0.095
link
1.9
enable
0.19
bias
0.38
node
0.475
disable
0.38
done
5
160 171 1 479 1
160 1000002 1.5511348226811 477 0
171 1000002 1.5511348226811 480 0
158 1000004 -0.43621542418199 476 1
170 1000006 -1.4591466875091 478 1
26.5
171
connections
0.249999625
step
0.09025
link
1.805
enable
0.1805
bias
0.3999994
node
0.49999925
disable
0.3999994
done
7
160 171 0.97674884194182 479 1
171 1000002 1.4697583956569 480 0
160 1000002 1.5841681733434 477 1
59 1000003 1.234322405995 1194 1
158 1000004 -0.45841555320526 476 1
44 1000005 -0.53668225861 1195 1
170 1000006 -1.4276080439758 478 1
26.5
0
2
26.5
171
connections
0.2375
step
0.105263
link
1.9
enable
0.210526
bias
0.421052
node
0.526315
disable
0.421052
done
5
170 171 1 484 0
15 1000003 -0.71979632168999 481 1
170 1000006 -1.7888478281856 483 0
165 1000006 1.906547883482 482 1
171 1000006 -1.7888478281856 485 1
26.5
172
connections
0.249999625
step
0.095
link
1.805
enable
0.1999997
bias
0.44321196676
node
0.49999925
disable
0.3999994
done
8
170 171 1.0443327753941 484 0
57 171 1.1822980787523 1196 0
172 171 1.1822980787523 1198 1
57 172 1 1197 1
15 1000003 -0.79047631822316 481 1
170 1000006 -1.7069338577762 483 0
171 1000006 -1.7198471079696 485 0
165 1000006 1.8946701305125 482 1
26.5
0
3
26.5
170
connections
0.2375
step
0.105263
link
1.9
enable
0.210526
bias
0.421052
node
0.475
disable
0.38
done
3
138 1000004 -1.3552040659614 486 1
50 1000004 1.0594414859356 487 1
170 1000006 -0.73959421307761 488 1
26.5
170
connections
0.249999625
step
0.09999985
link
1.999997
enable
0.1999997
bias
0.44321196676
node
0.45125
disable
0.361
done
5
131 1000001 1.6550940552983 1200 1
101 1000001 -0.17593635533747 1199 1
138 1000004 -1.3552040659614 486 1
50 1000004 1.0594414859356 487 1
170 1000006 -0.73959421307761 488 1
26.5
170
connections
0.249999625
step
0.11080299169
link
1.805
enable
0.22160598338
bias
0.3999994
node
0.45125
disable
0.361
done
5
138 1000004 -1.3552040659614 486 1
50 1000004 1.0594414859356 487 1
20 1000004 -1.4331057702345 1379 1
170 1000006 -0.73959421307761 488 1
51 1000006 0.72382341079592 1380 1
26.5
0
1
26.5
171
connections
0.2631575
step
0.105263
link
2.10526
enable
0.19
bias
0.421052
node
0.526315
disable
0.38
done
4
154 171 1 491 1
154 1000005 1.2997464627492 489 0
171 1000005 1.2997464627492 492 1
151 1000006 1.7525559308718 490 1
26.5
0
1
26.5
170
connections
0.2631575
step
0.095
link
2.10526
enable
0.19
bias
0.38
node
0.475
disable
0.421052
done
2
98 1000002 -1.4569361039702 493 1
68 1000006 1.6242355162391 494 1
193.5
0
1
193.5
170
connections
0.2375
step
0.095
link
2.10526
enable
0.19
bias
0.421052
node
0.475
disable
0.38
done
3
126 1000004 1.2362830802967 496 0
143 1000005 -1.4223714691691 495 1
170 1000006 1.0782279032647 497 1
26.5
0
3
26.5
171
connections
0.2375
step
0.105263
link
1.9
enable
0.19
bias
0.38
node
0.475
disable
0.38
done
4
112 171 1 500 1
170 1000002 0.26202312217188 499 1
112 1000003 -0.55904754370407 498 0
171 1000003 -0.55904754370407 501 1
26.5
171
connections
0.225625
step
0.11080299169
link
1.805
enable
0.1805
bias
0.361
node
0.49999925
disable
0.3999994
done
7
112 171 1 500 1
170 1000002 0.26202312217188 499 1
164 1000003 -0.87162453814951 1214 1
171 1000003 -0.55904754370407 501 1
112 1000003 -0.55904754370407 498 0
170 1000004 0.92271549018226 1215 1
48 1000006 -1.0740741785029 1213 1
26.5
171
connections
0.225625
step
0.11080299169
link
1.999997
enable
0.1805
bias
0.361
node
0.49999925
disable
0.3999994
done
7
112 171 1 500 1
9 1000001 0.57689930059803 1461 1
170 1000002 0.26202312217188 499 1
53 1000003 0.1807392231099 1462 1
171 1000003 -0.55904754370407 501 1
112 1000003 -0.55904754370407 498 0
170 1000004 -1.7498868665425 1463 1
26.5
0
2
26.5
171
connections
0.2375
step
0.105263
link
2.10526
enable
0.210526
bias
0.421052
node
0.475
disable
0.38
done
4
152 171 1 504 1
120 1000005 0.28512866528944 502 1
152 1000006 -1.3349266105028 503 0
171 1000006 -1.3349266105028 505 1
26.5
171
connections
0.225625
step
0.095
link
2.2160598338
enable
0.22160598338
bias
0.3999994
node
0.45125
disable
0.361
done
7
152 171 1 504 1
109 171 0.73333034605409 1217 1
170 1000001 -1.0452255769843 1218 0
120 1000004 -1.372455883479 1216 1
120 1000005 0.28512866528944 502 1
152 1000006 -1.3349266105028 503 0
171 1000006 -1.3349266105028 505 1
26.5
0
1
26.5
171
connections
0.2631575
step
0.105263
link
2.10526
enable
0.210526
bias
0.38
node
0.475
disable
0.38
done
4
1000003 171 1 508 1
80 1000004 -0.031723928652575 506 1
1000003 1000006 -0.43529397548889 507 1
171 1000006 -0.43529397548889 509 1
26.5
0
2
26.5
171
connections
0.2375
step
0.095
link
2.10526
enable
0.210526
bias
0.38
node
0.526315
disable
0.38
done
5
170 171 1 513 1
37 1000001 0.44873436840658 510 1
170 1000002 -0.44254323395088 512 0
92 1000002 -1.3468216039924 511 1
171 1000002 -0.44254323395088 514 1
26.5
172
connections
0.249999625
step
0.09025
link
2.2160598338
enable
0.22160598338
bias
0.361
node
0.55401495845
disable
0.361
done
9
170 171 1 513 0
171 172 1 1226 1
37 1000001 0.44873436840658 510 1
92 1000002 -1.3468216039924 511 1
171 1000002 -0.44254323395088 514 0
172 1000002 -0.44254323395088 1227 1
170 1000002 -0.44254323395088 512 0
111 1000003 0.47444991882632 1225 1
104 1000003 1.5515043528525 1224 1
26.5
0
2
26.5
171
connections
0.2375
step
0.105263
link
1.9
enable
0.210526
bias
0.421052
node
0.475
disable
0.421052
done
4
46 171 1 517 1
71 1000005 1.9010405912535 515 1
46 1000006 -1.8320899455958 516 1
171 1000006 -1.8320899455958 518 1
26.5
171
connections
0.225625
step
0.11080299169
link
1.805
enable
0.1999997
bias
0.44321196676
node
0.49999925
disable
0.3999994
done
6
46 171 1.1107563722468 517 1
158 1000001 -1.2320916462839 1228 1
34 1000005 0.61979318159623 1229 0
71 1000005 1.9741928311729 515 1
171 1000006 -1.7392078436805 518 1
46 1000006 -1.927451821663 516 1
26.5
0
1
26.5
170
connections
0.2375
step
0.105263
link
1.9
enable
0.19
bias
0.421052
node
0.526315
disable
0.421052
done
1
67 1000005 0.70159154511131 519 1
26.5
0
1
26.5
171
connections
0.2375
step
0.095
link
2.10526
enable
0.19
bias
0.38
node
0.475
disable
0.421052
done
5
170 171 1 527 1
171 1000001 0.66216736783374 528 1
170 1000001 0.66216736783374 526 0
1000002 1000003 -1.9977497961362 525 1
112 1000003 0.1128005916778 524 0
193.5
0
1
193.5
171
connections
0.2375
step
0.105263
link
2.10526
enable
0.210526
bias
0.421052
node
0.475
disable
0.421052
done
5
92 171 1 580 1
92 1000004 1.5803778989149 577 0
171 1000004 1.5803778989149 581 1
9 1000005 1.7327639440693 578 1
170 1000006 0.28852054210777 579 1
238
0
1
238
170
connections
0.2631575
step
0.095
link
2.10526
enable
0.210526
bias
0.421052
node
0.475
disable
0.38
done
3
170 1000002 0.27344755002924 650 1
158 1000004 -1.1897031865966 648 1
121 1000006 1.4318073463774 649 1
193.5
0
1
193.5
170
connections
0.2375
step
0.105263
link
1.9
enable
0.19
bias
0.38
node
0.526315
disable
0.38
done
2
1000006 1000001 -1.5009322238625 652 1
126 1000006 1.6645443978089 651 1
193.5
0
2
193.5
171
connections
0.2631575
step
0.105263
link
2.10526
enable
0.19
bias
0.421052
node
0.526315
disable
0.38
done
5
170 171 1 796 1
171 1000003 0.1045431839789 797 1
170 1000003 0.1045431839789 795 0
55 1000005 -1.1720315586645 793 1
1000003 1000006 1.8398597258329 794 1
193.5
171
connections
0.249999625
step
0.095
link
1.999997
enable
0.1999997
bias
0.3999994
node
0.49999925
disable
0.361
done
7
170 171 1 796 1
95 171 1.8586780055699 1247 1
36 171 -1.3948922843649 1248 1
171 1000003 0.1045431839789 797 1
170 1000003 0.1045431839789 795 0
55 1000005 -1.1720315586645 793 1
1000003 1000006 1.8398597258329 794 1
193.5
0
1
193.5
170
connections
0.2375
step
0.095
link
2.10526
enable
0.210526
bias
0.38
node
0.526315
disable
0.421052
done
3
147 1000004 0.29081434304398 837 1
109 1000006 0.94043516877128 838 1
44 1000006 0.13844913716356 839 0
197
0
1
197
170
connections
0.2375
step
0.095
link
2.10526
enable
0.19
bias
0.421052
node
0.475
disable
0.38
done
3
1000006 1000002 -1.5418895182861 872 1
170 1000002 0.71200204394385 874 1
170 1000006 1.9672341141697 873 1
193.5
0
2
193.5
170
connections
0.2375
step
0.095
link
1.9
enable
0.210526
bias
0.421052
node
0.475
disable
0.38
done
3
33 1000006 1.3613962583995 877 1
49 1000006 -0.11524513462337 878 0
170 1000006 0.48453140560749 879 1
193.5
170
connections
0.249999625
step
0.105263
link
1.805
enable
0.1999997
bias
0.3999994
node
0.45125
disable
0.361
done
4
33 1000006 1.3613962583995 877 1
170 1000006 0.48453140560749 879 1
49 1000006 -0.11524513462337 878 0
104 1000006 1.7987544759171 1257 1
193.5
0
1
193.5
170
connections
0.2631575
step
0.095
link
1.9
enable
0.210526
bias
0.421052
node
0.526315
disable
0.421052
done
2
23 1000004 -0.16300471227756 880 0
112 1000006 1.7235589156503 881 1
0
0
1
26.5
171
connections
0.225625
step
0.105263
link
1.999997
enable
0.1999997
bias
0.3999994
node
0.55401495845
disable
0.44321196676
done
6
127 171 1 1027 1
153 1000001 -0.91472669454046 8 0
100 1000002 -0.64402811911145 1025 1
141 1000004 1.4034270250254 1026 1
127 1000004 -1.8080726265014 7 0
171 1000004 -1.8080726265014 1028 1
0
0
1
26.5
171
connections
0.277007479225
step
0.09999985
link
1.999997
enable
0.1999997
bias
0.361
node
0.49999925
disable
0.361
done
7
124 171 1 1043 1
85 1000002 0.18367187035441 1042 1
32 1000002 0.54040786183458 290 1
170 1000002 1.8267647027163 291 0
126 1000003 -0.036259929666417 1041 1
124 1000006 -1.7636918647977 289 0
171 1000006 -1.7636918647977 1044 1
0
0
1
25.5
170
connections
0.225625
step
0.09025
link
1.999997
enable
0.1999997
bias
0.3999994
node
0.55401495845
disable
0.361
done
6
170 1000001 -1.5917735749817 294 1
53 1000002 -0.76838090027141 293 1
120 1000004 1.4549385790969 1046 1
81 1000004 0.9570678989203 292 1
170 1000005 1.0723115387709 1047 1
73 1000006 -1.0216692830537 1045 0
0
0
1
26.5
172
connections
0.225625
step
0.09025
link
2.2160598338
enable
0.22160598338
bias
0.44321196676
node
0.55401495845
disable
0.3999994
done
7
129 171 1.0025153204425 301 1
18 171 -1.06214975522 1053 1
146 1000002 0.65561989818496 1052 1
129 1000003 -0.58343944446344 300 0
171 1000003 1.8610078279338 302 0
92 1000004 -0.25810617313632 1051 1
124 1000004 -1.5508301628065 299 1
0
0
1
26.5
170
connections
0.249999625
step
0.105263
link
1.999997
enable
0.22160598338
bias
0.44321196676
node
0.49999925
disable
0.3999994
done
4
31 1000003 -0.95650816846476 1054 1
116 1000004 -0.52849240379477 303 1
18 1000006 1.487395876646 304 0
146 1000006 -1.396883820834 1055 1
0
0
1
193.5
170
connections
0.277007479225
step
0.11080299169
link
2.2160598338
enable
0.22160598338
bias
0.44321196676
node
0.49999925
disable
0.361
done
5
26 1000004 0.79942366052392 1059 1
95 1000005 1.0856438163135 310 0
125 1000005 -1.7898299581324 309 1
16 1000006 -1.9948561917966 1060 1
170 1000006 1.6298535054689 1061 1
0
0
1
26.5
172
connections
0.249999625
step
0.11080299169
link
1.805
enable
0.1999997
bias
0.44321196676
node
0.55401495845
disable
0.3999994
done
10
76 171 1 314 0
172 171 1 1066 1
76 172 1 1065 1
170 1000001 0.72985076845151 313 1
10 1000002 0.72811308071395 1063 1
170 1000002 1.8714898488817 1064 1
171 1000003 1.0941170375301 315 1
31 1000003 0.5741055731541 1062 1
76 1000003 1.0941170375301 312 0
157 1000006 1.2331153858607 311 1
0
0
1
190
170
connections
0.249999625
step
0.11080299169
link
1.999997
enable
0.1999997
bias
0.361
node
0.49999925
disable
0.3999994
done
6
49 1000001 1.5054735144001 319 0
34 1000001 -0.31890554639294 320 1
60 1000001 -1.8660955689224 1067 1
170 1000003 0.04560556544252 1069 1
164 1000003 -0.52863855963975 1068 1
170 1000006 1.5844305250699 321 1
0
0
1
26.5
171
connections
0.225625
step
0.09999985
link
1.999997
enable
0.1805
bias
0.44321196676
node
0.45125
disable
0.3999994
done
6
56 171 1 1075 1
79 1000002 0.51431854000051 1074 1
103 1000002 -0.68221601596205 1073 1
56 1000004 -1.8557679969146 327 0
171 1000004 -1.8557679969146 1076 1
168 1000005 0.12095558555841 326 1
0
0
1
26.5
170
connections
0.225625
step
0.11080299169
link
2.2160598338
enable
0.22160598338
bias
0.3999994
node
0.49999925
disable
0.361
done
4
40 1000003 -1.4589825605317 328 1
27 1000003 -1.8953097480793 1077 1
76 1000005 -1.359677178487 329 0
167 1000005 0.04835395982878 1078 1
0
0
1
26.5
171
connections
0.225625
step
0.09999985
link
1.999997
enable
0.1805
bias
0.3999994
node
0.49999925
disable
0.3999994
done
6
90 171 1 1092 1
59 1000001 1.2777615726356 355 1
63 1000002 -0.53242213210669 354 1
90 1000003 -0.085297112392866 1090 0
171 1000003 -0.085297112392866 1093 1
104 1000004 0.51060995203937 1091 1
0
0
1
26.5
170
connections
0.249999625
step
0.09025
link
1.805
enable
0.1999997
bias
0.3999994
node
0.45125
disable
0.44321196676
done
4
170 1000002 0.16154137758109 357 1
1000001 1000004 0.55937904052407 1095 1
1000004 1000006 0.5919471004009 1094 1
152 1000006 -1.3224998997498 356 0
0
0
1
26.5
172
connections
0.249999625
step
0.11080299169
link
1.999997
enable
0.1999997
bias
0.44321196676
node
0.49999925
disable
0.44321196676
done
8
1000006 171 1 368 0
1000006 172 1 1104 1
86 1000001 1.5695677211366 1103 1
14 1000002 -1.1839113082662 1102 1
172 1000005 -1.47105732163 1105 1
1000006 1000005 -1.47105732163 366 1
171 1000005 -1.47105732163 369 1
79 1000006 0.12510008091345 367 1
0
0
1
26.5
170
connections
0.225625
step
0.09025
link
1.999997
enable
0.1999997
bias
0.3999994
node
0.45125
disable
0.44321196676
done
4
129 1000001 1.1629587404787 370 1
53 1000001 -0.86647418647375 1106 1
131 1000004 -0.98923404281458 1107 1
1000005 1000005 1.0078555279782 371 1
0
0
1
26.5
171
connections
0.249999625
step
0.09025
link
2.2160598338
enable
0.1999997
bias
0.44321196676
node
0.55401495845
disable
0.44321196676
done
7
12 171 1 1111 1
151 1000001 -0.40304190963648 1109 1
12 1000002 -1.6876505722887 372 0
171 1000002 -1.6876505722887 1112 1
114 1000003 -0.05605561195689 1110 1
165 1000003 -1.880837835033 373 1
45 1000005 0.46526882912278 1108 0
0
0
1
26.5
171
connections
0.249999625
step
0.11080299169
link
1.805
enable
0.22160598338
bias
0.3999994
node
0.49999925
disable
0.3999994
done
6
46 171 1 1117 1
171 1000002 1.8430734052523 1118 1
46 1000002 1.8430734052523 1115 1
170 1000003 0.7421011173828 1116 1
1000005 1000004 -1.0923737320548 379 0
67 1000005 1.1391412928417 380 1
0
0
1
26.5
170
connections
0.225625
step
0.09025
link
1.805
enable
0.1999997
bias
0.361
node
0.49999925
disable
0.3999994
done
4
90 1000002 0.64363992523571 1119 1
79 1000005 0.31978738229712 1120 1
57 1000006 1.1593354247321 382 0
76 1000006 -1.1314344904998 381 1
0
0
1
26.5
171
connections
0.249999625
step
0.095
link
1.999997
enable
0.1999997
bias
0.3999994
node
0.49999925
disable
0.3999994
done
6
153 171 1 1123 1
153 1000002 -0.42202833780182 1122 1
171 1000002 -0.42202833780182 1124 1
128 1000002 -1.2463113643445 1121 1
168 1000003 1.1806186582803 383 1
34 1000005 -1.4825718661014 384 1
0
0
1
26.5
172
connections
0.277007479225
step
0.105263
link
1.999997
enable
0.1999997
bias
0.361
node
0.49999925
disable
0.361
done
10
170 171 1 393 1
170 172 1 1130 1
170 1000002 1.2799644820764 1129 0
172 1000002 1.2799644820764 1131 1
170 1000004 1.9026186782413 392 1
171 1000004 1.9026186782413 394 1
100 1000004 0.48745592799385 1128 1
92 1000004 1.585076542378 1127 1
54 1000005 0.10318416082449 390 1
9 1000006 -1.447620782744 391 1
0
0
1
26.5
170
connections
0.225625
step
0.095
link
2.2160598338
enable
0.1999997
bias
0.44321196676
node
0.55401495845
disable
0.44321196676
done
4
98 1000002 -1.3005092792681 1133 1
169 1000003 -0.81517369617483 1132 1
69 1000004 0.55040219172388 396 1
23 1000004 1.5608878990453 395 1
0
0
1
26.5
171
connections
0.277007479225
step
0.11080299169
link
1.999997
enable
0.1999997
bias
0.361
node
0.49999925
disable
0.3999994
done
7
170 171 1 1136 1
82 1000003 1.5298163665132 402 1
57 1000003 0.09251719624387 1134 1
170 1000003 0.064266813017552 404 1
171 1000003 0.064266813017552 1137 0
1000004 1000005 0.376455982391 403 1
2 1000005 -0.10407439903546 1135 1
0
0
1
193.5
172
connections
0.249999625
step
0.09999985
link
2.2160598338
enable
0.1999997
bias
0.3999994
node
0.49999925
disable
0.3999994
done
10
149 171 1 408 1
5 172 1 1141 1
170 1000002 -1.6452551612841 407 1
151 1000002 -0.084495655300326 1138 1
149 1000003 0.72853268623749 406 0
171 1000003 0.72853268623749 409 1
121 1000003 0.0019721528524403 1139 1
5 1000004 1.752363439534 405 0
172 1000004 1.752363439534 1142 1
170 1000006 0.61051873052983 1140 1
0
0
1
26.5
170
connections
0.277007479225
step
0.095
link
1.805
enable
0.22160598338
bias
0.3999994
node
0.49999925
disable
0.3999994
done
4
170 1000001 1.2015395887203 1154 1
3 1000003 -0.48588821966475 438 1
102 1000003 0.59215396003665 437 0
66 1000004 -1.8869475945304 1153 1
0
0
1
193.5
171
connections
0.249999625
step
0.09025
link
1.999997
enable
0.1999997
bias
0.3999994
node
0.49999925
disable
0.3999994
done
6
46 171 1 1157 1
147 1000001 -1.8151547460887 1156 1
80 1000002 -1.7632708175868 1155 1
46 1000005 -1.5492910628902 439 0
171 1000005 -1.5492910628902 1158 1
116 1000006 1.1906503733204 440 1
0
0
1
26.5
172
connections
0.277007479225
step
0.09025
link
1.999997
enable
0.22160598338
bias
0.361
node
0.55401495845
disable
0.3999994
done
8
152 171 1 446 1
160 171 -1.7857250775144 1162 1
171 172 1 1163 1
139 1000001 1.428509896355 444 0
96 1000001 -0.83553510291294 1161 1
171 1000005 -1.778058370472 447 0
152 1000005 -1.778058370472 445 1
172 1000005 -1.778058370472 1164 1
0
0
1
185.5
170
connections
0.277007479225
step
0.09025
link
1.805
enable
0.1805
bias
0.361
node
0.55401495845
disable
0.361
done
4
129 1000001 0.75241073535402 1165 1
141 1000002 -1.4638590139634 448 0
50 1000005 -0.081037963778264 449 1
125 1000006 1.3871748276926 1166 1
0
0
1
25.5
171
connections
0.249999625
step
0.09999985
link
1.999997
enable
0.1999997
bias
0.44321196676
node
0.49999925
disable
0.3999994
done
8
34 171 1 1170 1
170 1000001 -1.6873250467982 452 1
118 1000001 -0.36305547988185 1167 1
171 1000003 -0.050652167783422 1171 1
34 1000003 -0.050652167783422 1168 1
24 1000004 -1.2973746467162 451 1
170 1000005 0.38997765555511 1169 1
66 1000006 -1.6958001925125 450 0
0
0
1
193.5
170
connections
0.249999625
step
0.09999985
link
1.999997
enable
0.1805
bias
0.3999994
node
0.49999925
disable
0.3999994
done
6
44 1000002 -1.2114104046341 457 1
119 1000003 -1.2392712809328 1176 1
86 1000004 -1.9031474843144 458 0
170 1000005 -1.2507061917571 1177 1
24 1000006 -0.50216372986425 1175 1
170 1000006 1.0760957278385 459 1
0
0
1
26.5
172
connections
0.249999625
step
0.09999985
link
2.2160598338
enable
0.1999997
bias
0.3999994
node
0.49999925
disable
0.3999994
done
8
129 171 1 462 0
91 171 1.6949345039646 1179 1
171 172 1 1180 1
78 1000001 -0.994677543172 1178 1
172 1000001 -0.71809001020998 1181 1
171 1000001 -0.71809001020998 463 1
129 1000001 -0.71809001020998 461 1
152 1000004 -1.3239624515753 460 1
0
0
1
26.5
171
connections
0.249999625
step
0.09999985
link
1.805
enable
0.1999997
bias
0.3999994
node
0.49999925
disable
0.361
done
6
112 171 1 1186 1
112 1000003 -1.8930791597315 1185 1
79 1000003 0.44968721198369 468 1
131 1000003 -0.70084610707166 1184 1
171 1000003 -1.8930791597315 1187 1
40 1000004 0.68968118852455 469 0
0
0
1
26.5
170
connections
0.249999625
step
0.105263
link
1.999997
enable
0.1999997
bias
0.44321196676
node
0.49999925
disable
0.3999994
done
5
2 1000001 -1.8292917408302 470 1
123 1000001 1.8916273004802 1188 1
170 1000003 0.29340604613228 1190 1
87 1000004 -1.5393627023042 1189 1
119 1000006 1.1088501514627 471 1
0
0
1
23
172
connections
0.277007479225
step
0.095
link
2.2160598338
enable
0.1999997
bias
0.44321196676
node
0.49999925
disable
0.361
done
10
154 171 1 491 1
161 172 1 1205 1
37 1000001 0.38633872865994 1202 1
170 1000001 0.81768261027414 1204 1
161 1000004 0.17409966242225 1203 0
17 1000004 -0.98497709212125 1201 1
172 1000004 0.17409966242225 1206 1
154 1000005 1.2997464627492 489 0
171 1000005 1.2997464627492 492 1
151 1000006 1.7525559308718 490 1
0
0
1
26.5
170
connections
0.249999625
step
0.09999985
link
1.999997
enable
0.1805
bias
0.361
node
0.49999925
disable
0.44321196676
done
4
79 1000001 -0.92454404706347 1208 1
98 1000002 -1.4569361039702 493 1
9 1000006 -0.64831458527982 1207 1
68 1000006 1.6242355162391 494 1
0
0
1
169.5
171
connections
0.225625
step
0.09999985
link
2.2160598338
enable
0.1805
bias
0.3999994
node
0.49999925
disable
0.361
done
7
143 171 1 1211 1
85 1000001 -1.298222915874 1209 1
102 1000004 0.88237581908813 1210 1
126 1000004 1.2362830802967 496 0
143 1000005 -1.4223714691691 495 0
171 1000005 -1.4223714691691 1212 1
170 1000006 1.0782279032647 497 1
0
0
1
26.5
172
connections
0.249999625
step
0.11080299169
link
2.2160598338
enable
0.22160598338
bias
0.361
node
0.45125
disable
0.361
done
9
1000003 171 1 508 1
171 172 1 1222 1
97 1000003 -1.4476691575012 1219 1
80 1000004 -0.031723928652575 506 1
171 1000006 -0.43529397548889 509 0
38 1000006 -0.47086582820437 1221 1
1 1000006 0.07161494068411 1220 1
1000003 1000006 -0.43529397548889 507 1
172 1000006 -0.43529397548889 1223 1
0
0
1
26.5
171
connections
0.249999625
step
0.11080299169
link
1.999997
enable
0.1999997
bias
0.44321196676
node
0.55401495845
disable
0.3999994
done
5
67 171 1 1232 1
23 1000002 -0.088038428727555 1230 1
109 1000003 -0.11110916273254 1231 1
67 1000005 0.70159154511131 519 1
171 1000005 0.70159154511131 1233 1
0
0
1
26.5
172
connections
0.249999625
step
0.09999985
link
2.2160598338
enable
0.1999997
bias
0.44321196676
node
0.45125
disable
0.3999994
done
10
92 171 1 580 1
92 172 1 1237 1
92 1000002 -1.1735264617826 1236 0
172 1000002 -1.1735264617826 1238 1
104 1000003 1.7888045980543 1234 1
171 1000004 1.5803778989149 581 1
92 1000004 1.5803778989149 577 0
124 1000005 -1.0913989111275 1235 1
9 1000005 1.7327639440693 578 1
170 1000006 0.28852054210777 579 0
0
0
1
244
171
connections
0.277007479225
step
0.09025
link
1.999997
enable
0.1999997
bias
0.44321196676
node
0.49999925
disable
0.361
done
7
121 171 1 1241 1
74 1000001 -0.88172930799505 1240 1
170 1000002 0.27344755002924 650 1
158 1000004 -1.1897031865966 648 1
74 1000006 -1.0541176493532 1239 1
121 1000006 1.4318073463774 649 0
171 1000006 1.4318073463774 1242 1
0
0
1
0
171
connections
0.225625
step
0.09999985
link
1.999997
enable
0.1999997
bias
0.361
node
0.49999925
disable
0.3999994
done
6
1000006 1000001 -1.5009322238625 652 1
126 1000006 1.6645443978089 651 1
115 1000003 1.4175296311348 1243 1
51 1000004 -0.38193339406603 1244 0
51 171 1 1245 1
171 1000004 -0.38193339406603 1246 1
0
0
1
0
170
connections
0.225625
step
0.09025
link
2.2160598338
enable
0.1999997
bias
0.361
node
0.49999925
disable
0.3999994
done
6
147 1000004 0.29081434304398 837 1
109 1000006 0.94043516877128 838 1
44 1000006 0.13844913716356 839 0
128 1000005 -1.8888312670816 1249 1
135 1000005 -1.8355750738809 1250 1
170 1000002 -0.61955710436197 1251 1
0
0
1
0
171
connections
0.249999625
step
0.09025
link
1.999997
enable
0.1999997
bias
0.44321196676
node
0.45125
disable
0.3999994
done
8
1000006 1000002 -0.70904385238376 872 1
170 1000002 0.71673970798379 874 1
170 1000006 2.0230423430539 873 1
161 1000006 -1.9204943272846 1252 1
16 1000002 -0.19897851450321 1253 1
170 1000003 0.68436241274903 1254 1
170 171 1 1255 1
171 1000002 0.71673970798379 1256 1
0
0
1
0
171
connections
0.249999625
step
0.105263
link
1.999997
enable
0.1999997
bias
0.44321196676
node
0.49999925
disable
0.44321196676
done
7
23 1000004 -0.16300471227756 880 0
112 1000006 1.7235589156503 881 1
14 1000005 -0.47662019099883 1258 0
27 1000002 1.661048076889 1259 1
170 1000006 1.7052906992404 1260 0
14 171 1 1261 1
171 1000005 -0.47662019099883 1262 1
0
0
1
0
171
connections
0.249999625
step
0.09999985
link
1.999997
enable
0.1805
bias
0.3999994
node
0.45125
disable
0.3999994
done
6
59 1000001 1.2777615726356 355 0
63 1000002 -0.53242213210669 354 1
17 1000004 -0.053923656257765 1266 1
56 1000004 -0.85659917204482 1267 0
56 171 1 1268 1
171 1000004 -0.85659917204482 1269 1
0
0
1
0
170
connections
0.225625
step
0.095
link
1.999997
enable
0.1999997
bias
0.361
node
0.45125
disable
0.3999994
done
5
41 1000002 -0.78882456328199 348 1
68 1000005 -1.2680741502312 347 1
170 1000005 0.1580010122424 349 0
8 1000002 -1.8363181593997 1270 1
19 1000004 0.80749492105446 1271 0
0
0
1
0
171
connections
0.225625
step
0.105263
link
2.2160598338
enable
0.1999997
bias
0.44321196676
node
0.49999925
disable
0.3999994
done
6
23 1000004 1.5608878990453 395 1
69 1000004 0.55040219172388 396 1
17 1000003 -1.0839749216493 1282 0
160 1000003 1.5529596635853 1283 0
160 171 1 1284 1
171 1000003 1.5529596635853 1285 1
0
0
1
0
171
connections
0.249999625
step
0.095
link
2.2160598338
enable
0.1999997
bias
0.3999994
node
0.45125
disable
0.3999994
done
8
25 1000004 -0.47121009531953 60 1
115 1000006 -0.92603300834356 59 1
170 1000006 -0.26528002799734 61 0
99 1000001 1.5302423180687 1289 1
9 1000006 -0.034652466901882 1290 0
170 1000005 -1.2450178411068 1291 1
9 171 1 1292 1
171 1000006 -0.034652466901882 1293 1
0
0
1
0
171
connections
0.249999625
step
0.11080299169
link
1.805
enable
0.1805
bias
0.44321196676
node
0.49999925
disable
0.3999994
done
5
67 1000005 0.70159154511131 519 1
31 1000004 -0.46830871071122 1303 1
25 1000003 -1.3093323667111 1304 0
25 171 1 1305 1
171 1000003 -1.3093323667111 1306 0
0
0
1
0
172
connections
0.277007479225
step
0.105263
link
1.999997
enable
0.22160598338
bias
0.3999994
node
0.49999925
disable
0.3999994
done
8
32 171 1 90 1
25 1000003 -1.5196544991432 88 1
32 1000006 0.49642152827998 89 1
171 1000006 0.49642152827998 91 1
150 1000002 -0.35796275099645 1314 0
61 1000005 -0.978549761222 1315 1
150 172 1 1316 1
172 1000002 -0.35796275099645 1317 1
0
0
1
0
171
connections
0.249999625
step
0.095
link
2.2160598338
enable
0.22160598338
bias
0.44321196676
node
0.49999925
disable
0.361
done
5
125 1000005 -1.7898299581324 309 1
95 1000005 1.0856438163135 310 0
30 1000002 -0.74796974973193 1321 1
86 1000006 1.465479893361 1322 1
170 1000005 -1.5875037981139 1323 0
0
0
1
0
171
connections
0.225625
step
0.105263
link
1.805
enable
0.22160598338
bias
0.361
node
0.45125
disable
0.361
done
5
1000005 1000004 -1.0923737320548 379 1
67 1000005 1.1391412928417 380 1
154 1000004 -1.0561003550217 1326 0
154 171 1 1327 1
171 1000004 -1.0561003550217 1328 1
0
0
1
0
170
connections
0.249999625
step
0.09999985
link
1.999997
enable
0.22160598338
bias
0.44321196676
node
0.55401495845
disable
0.3999994
done
4
23 1000004 -0.16300471227756 880 0
112 1000006 1.7235589156503 881 1
160 1000002 0.87426450237365 1329 1
158 1000001 -0.81586112771922 1330 1
0
0
1
0
171
connections
0.277007479225
step
0.09025
link
1.999997
enable
0.22160598338
bias
0.3999994
node
0.55401495845
disable
0.44321196676
done
6
16 1000003 0.8432025158979 110 0
7 1000004 -1.9493492059174 109 1
77 1000001 -1.0870502866279 1331 1
1000001 1000003 -1.1089594900184 1332 1
16 171 1 1333 1
171 1000003 0.8432025158979 1334 1
0
0
1
0
172
connections
0.277007479225
step
0.09999985
link
2.2160598338
enable
0.1805
bias
0.3999994
node
0.49999925
disable
0.3999994
done
9
21 171 1 177 1
48 1000003 -0.51590776746902 176 1
21 1000005 0.70973938643455 175 0
171 1000005 0.70973938643455 178 1
134 1000002 1.9798715934064 1337 1
1000003 1000006 0.11302153119492 1338 1
170 1000004 1.3800631311629 1339 1
1000003 172 1 1340 1
172 1000006 0.11302153119492 1341 1
0
0
1
0
170
connections
0.249999625
step
0.11080299169
link
1.805
enable
0.1805
bias
0.3999994
node
0.55401495845
disable
0.44321196676
done
4
67 1000005 0.70159154511131 519 1
38 1000006 0.37324508762604 1347 1
162 1000003 0.15837210144772 1348 1
170 1000002 -0.44265904763837 1349 1
0
0
1
0
170
connections
0.249999625
step
0.095
link
1.805
enable
0.1999997
bias
0.44321196676
node
0.49999925
disable
0.3999994
done
5
129 1000001 1.1011545726499 370 1
1000005 1000005 1.0129125405 371 1
94 1000001 -0.46571642834028 1350 1
85 1000004 -0.89840778843426 1351 1
170 1000005 1.1299124467792 1352 0
0
0
1
0
172
connections
0.277007479225
step
0.09025
link
1.999997
enable
0.22160598338
bias
0.3999994
node
0.49999925
disable
0.3999994
done
9
32 171 1.0099529459377 90 0
25 1000003 -1.501531940129 88 1
32 1000006 0.57857269174667 89 1
171 1000006 0.41676537240018 91 1
77 1000006 -0.25658883445737 1353 1
18 1000004 -1.6717558930031 1354 1
170 1000006 0.69081791243088 1355 1
32 172 1 1356 1
172 171 1.0099529459377 1357 1
0
0
1
0
171
connections
0.249999625
step
0.105263
link
1.999997
enable
0.1999997
bias
0.3999994
node
0.49999925
disable
0.361
done
6
168 1000003 -0.94657220269859 223 1
92 1000003 -1.261951028957 224 1
50 1000005 0.51749225078034 1358 0
78 1000003 0.55026626333141 1359 0
50 171 1 1360 1
171 1000005 0.51749225078034 1361 1
0
0
1
0
170
connections
0.277007479225
step
0.09999985
link
1.999997
enable
0.1999997
bias
0.3999994
node
0.49999925
disable
0.361
done
4
125 1000005 -1.7898299581324 309 1
95 1000005 1.0856438163135 310 1
83 1000001 -1.1858589868927 1362 1
1 1000002 -0.17587663893396 1363 0
0
0
1
0
170
connections
0.225625
step
0.09025
link
1.999997
enable
0.22160598338
bias
0.3999994
node
0.45125
disable
0.3999994
done
4
151 1000001 -0.3006759743675 251 1
20 1000006 -0.45545214156408 1371 1
117 1000005 -0.22098647906491 1372 1
170 1000004 1.1192843295258 1373 1
0
0
1
0
172
connections
0.277007479225
step
0.09025
link
1.999997
enable
0.1999997
bias
0.44321196676
node
0.55401495845
disable
0.44321196676
done
9
137 171 1 165 1
137 1000003 1.5890055278265 163 0
171 1000003 1.5890055278265 166 1
131 1000004 -1.1656503133316 164 0
124 1000001 -1.3100348074502 1374 1
14 1000006 -1.9656809028078 1375 1
170 1000004 -1.4285536592028 1376 1
131 172 1 1377 1
172 1000004 -1.1656503133316 1378 1
0
0
1
0
170
connections
0.277007479225
step
0.09999985
link
1.999997
enable
0.1999997
bias
0.3999994
node
0.55401495845
disable
0.361
done
5
170 1000002 -1.9169189948202 291 0
32 1000002 0.44809778328059 290 1
124 1000006 -1.8260408146706 289 1
63 1000003 0.15941500578048 1391 1
35 1000006 -1.6886910701584 1392 0
0
0
1
0
171
connections
0.249999625
step
0.09999985
link
1.999997
enable
0.1999997
bias
0.3999994
node
0.49999925
disable
0.3999994
done
7
12 1000002 -1.7081259841603 372 0
165 1000003 -1.9531624819865 373 0
29 1000005 -0.64828072611628 1393 1
156 1000001 0.98350434330455 1394 1
170 1000005 -1.2333934582925 1395 1
165 171 1 1396 1
171 1000003 -1.9531624819865 1397 1
0
0
1
0
171
connections
0.249999625
step
0.095
link
1.999997
enable
0.1999997
bias
0.44321196676
node
0.49999925
disable
0.3999994
done
6
129 1000001 1.1453077882274 370 1
1000005 1000005 1.0615727636319 371 1
160 1000002 0.13950535940915 1403 1
43 1000002 0.04786067551368 1404 1
1000005 171 1 1405 1
171 1000005 1.0615727636319 1406 1
0
0
1
0
170
connections
0.225625
step
0.095
link
1.805
enable
0.1999997
bias
0.361
node
0.49999925
disable
0.44321196676
done
4
60 1000004 -0.31566870692916 31 0
158 1000005 -0.84641906192825 32 0
63 1000004 -0.77066963667547 1410 1
130 1000001 -0.4734504737302 1411 1
0
0
1
0
171
connections
0.249999625
step
0.09025
link
2.2160598338
enable
0.22160598338
bias
0.44321196676
node
0.49999925
disable
0.3999994
done
7
23 1000004 1.5608878990453 395 1
69 1000004 0.55040219172388 396 1
1000005 1000003 0.88423138246137 1414 1
103 1000001 -1.6816318741448 1415 1
170 1000006 1.6890431380314 1416 1
170 171 1 1417 1
171 1000006 1.6890431380314 1418 1
0
0
1
0
172
connections
0.225625
step
0.09999985
link
2.2160598338
enable
0.1999997
bias
0.44321196676
node
0.55401495845
disable
0.3999994
done
9
129 171 1.0074169045388 301 1
171 1000003 1.9236973768986 302 0
129 1000003 1.8213056288265 300 0
124 1000004 -1.6193297483157 299 1
142 1000004 1.6233065536354 1419 1
155 1000005 0.11065645427939 1420 1
170 1000003 1.4387586021045 1421 0
124 172 1 1422 1
172 1000004 -1.6193297483157 1423 1
0
0
1
0
172
connections
0.277007479225
step
0.105263
link
2.2160598338
enable
0.1999997
bias
0.44321196676
node
0.49999925
disable
0.3999994
done
8
146 171 1 412 1
146 1000001 1.9813209101471 410 0
171 1000001 1.9813209101471 413 1
23 1000005 1.9442237913349 411 1
92 1000004 -0.52425268223707 1424 1
48 1000004 1.5603388601729 1425 0
48 172 1 1426 1
172 1000004 1.5603388601729 1427 0
0
0
1
0
170
connections
0.225625
step
0.09999985
link
1.999997
enable
0.1805
bias
0.361
node
0.49999925
disable
0.44321196676
done
4
98 1000002 0.046521651580241 47 0
80 1000005 1.0764314378968 48 0
29 1000006 0.15253070469598 1428 1
51 1000006 0.77565052303283 1429 1
0
0
1
0
171
connections
0.249999625
step
0.09025
link
1.805
enable
0.1805
bias
0.361
node
0.55401495845
disable
0.3999994
done
6
168 1000003 -0.94657220269859 223 1
92 1000003 -1.261951028957 224 1
35 1000006 -1.4583597925763 1430 0
22 1000003 1.0072907372412 1431 1
35 171 1 1432 1
171 1000006 -1.4583597925763 1433 1
0
0
1
0
170
connections
0.249999625
step
0.11080299169
link
1.999997
enable
0.1999997
bias
0.3999994
node
0.45125
disable
0.44321196676
done
5
13 1000005 1.5271430069241 27 1
163 1000006 0.017432355330061 26 0
37 1000001 -0.21115382863728 1436 0
92 1000003 0.5695168630078 1437 1
170 1000001 0.77461760992865 1438 1
0
0
1
0
172
connections
0.277007479225
step
0.11080299169
link
2.2160598338
enable
0.1999997
bias
0.44321196676
node
0.49999925
disable
0.361
done
8
154 171 1.0242030558645 491 0
154 1000005 1.2978323520579 489 0
171 1000005 1.339676064091 492 1
151 1000006 1.6794721924374 490 1
105 171 -1.2805250861126 1439 1
47 1000002 1.4702581798054 1440 1
154 172 1 1441 1
172 171 1.0242030558645 1442 1
0
0
1
0
172
connections
0.249999625
step
0.105263
link
2.2160598338
enable
0.1999997
bias
0.44321196676
node
0.45125
disable
0.3999994
done
10
18 171 1 173 1
90 1000006 1.0138027886924 170 1
170 1000006 -1.7173245603765 172 1
18 1000006 1.3904731084548 171 0
171 1000006 1.3904731084548 174 1
118 1000002 0.042242850196661 1443 0
146 171 -0.45852593633278 1444 1
170 171 1.0852409820469 1445 1
118 172 1 1446 1
172 1000002 0.042242850196661 1447 1
0
0
1
0
172
connections
0.277007479225
step
0.11080299169
link
1.999997
enable
0.1805
bias
0.44321196676
node
0.55401495845
disable
0.3999994
done
7
72 171 1 415 1
72 1000004 1.2950679600681 414 0
171 1000004 1.2950679600681 416 1
89 1000003 1.0927632186062 1455 1
125 1000005 0.54162883131841 1456 0
125 172 1 1457 1
172 1000005 0.54162883131841 1458 1
0
0
1
0
170
connections
0.277007479225
step
0.09999985
link
1.999997
enable
0.1999997
bias
0.3999994
node
0.45125
disable
0.44321196676
done
4
28 1000001 -1.8496902379439 240 1
78 1000004 1.4983325970817 241 0
49 1000001 1.6097079755784 1459 1
1000006 1000003 -1.330400593267 1460 0
0
0
1
0
170
connections
0.249999625
step
0.09999985
link
1.999997
enable
0.22160598338
bias
0.44321196676
node
0.55401495845
disable
0.3999994
done
4
102 1000003 0.50063046556927 437 1
3 1000003 1.0610103863576 438 1
95 1000006 0.43980100678271 1464 1
109 1000003 -1.0933008692662 1465 1
0
0
1
0
171
connections
0.249999625
step
0.09025
link
1.999997
enable
0.1805
bias
0.3999994
node
0.49999925
disable
0.3999994
done
7
126 1000004 1.2499957313478 496 0
143 1000005 -1.4987101358634 495 1
170 1000006 1.1332322007122 497 1
132 1000002 0.65195359226873 1466 1
170 1000004 0.41620659009377 1467 1
170 171 1 1468 1
171 1000006 1.1332322007122 1469 1
0
0
1
0
171
connections
0.249999625
step
0.09999985
link
1.805
enable
0.1999997
bias
0.3999994
node
0.55401495845
disable
0.361
done
7
170 1000001 -1.5917735749817 294 1
53 1000002 -0.76838090027141 293 1
81 1000004 0.9570678989203 292 0
40 1000005 0.19281999682673 1470 1
170 1000006 0.069022995451942 1471 1
81 171 1 1472 1
171 1000004 0.9570678989203 1473 1
0
0
1
0
170
connections
0.277007479225
step
0.11080299169
link
1.805
enable
0.1805
bias
0.3999994
node
0.55401495845
disable
0.3999994
done
4
4 1000001 -1.1529944516499 271 1
125 1000006 -1.7757284696101 270 1
71 1000002 0.14234752307755 1481 0
101 1000001 1.1372501175558 1482 1
0
0
1
0
172
connections
0.249999625
step
0.095
link
2.2160598338
enable
0.22160598338
bias
0.3999994
node
0.49999925
disable
0.361
done
10
136 171 1.039529079187 217 1
31 1000002 -1.4562606430013 215 0
136 1000003 -0.94008377418159 214 1
171 1000003 -1.0111296805442 218 1
170 1000006 0.0797282872697 216 1
56 171 -0.77591600212078 1485 1
75 1000003 1.4595690832751 1486 1
170 1000002 -1.4234139823464 1487 1
75 172 1 1488 1
172 1000003 1.4595690832751 1489 1
0
0
1
0
171
connections
0.225625
step
0.11080299169
link
1.999997
enable
0.22160598338
bias
0.44321196676
node
0.45125
disable
0.3999994
done
6
163 171 1 29 1
163 1000005 0.67495853019643 28 0
171 1000005 0.67495853019643 30 0
147 1000006 0.50713560660702 1490 1
78 1000002 1.7023362869873 1491 1
170 171 1.5193445587155 1492 1
0
0
1
0
172
connections
0.249999625
step
0.09999985
link
1.999997
enable
0.1999997
bias
0.361
node
0.45125
disable
0.3999994
done
8
32 171 1 90 1
25 1000003 -1.5196544991432 88 0
32 1000006 0.49642152827998 89 0
171 1000006 0.49642152827998 91 1
30 1000001 0.75724723318464 1493 0
140 1000001 1.1248744796612 1494 1
30 172 1 1495 1
172 1000001 0.75724723318464 1496 1
