0
238
300
0
0
1
27
170
connections
0.2375
step
0.105263
link
2.10526
enable
0.210526
bias
0.421052
node
0.526315
disable
0.421052
done
2
153 1000001 -0.91472669454046 8 0
127 1000004 -1.8080726265014 7 1
0
0
1
37
171
connections
0.2375
step
0.095
link
1.9
enable
0.210526
bias
0.421052
node
0.526315
disable
0.421052
done
5
159 171 1 12 1
159 1000003 -1.4712474846613 10 0
171 1000003 -1.4712474846613 13 1
170 1000006 0.49788340483694 11 1
107 1000006 -1.4974454117461 9 1
0
0
1
26.5
170
connections
0.2631575
step
0.095
link
1.9
enable
0.210526
bias
0.38
node
0.526315
disable
0.38
done
2
152 1000002 -0.86713135189709 15 1
115 1000004 0.48456552926664 14 1
0
0
1
26.5
171
connections
0.2631575
step
0.095
link
1.9
enable
0.210526
bias
0.38
node
0.526315
disable
0.421052
done
4
9 171 1 18 1
9 1000003 -1.3183251038745 16 0
171 1000003 -1.3183251038745 19 1
63 1000006 -0.45026778916375 17 1
0
0
1
26.5
171
connections
0.2375
step
0.095
link
2.10526
enable
0.19
bias
0.38
node
0.475
disable
0.421052
done
4
62 171 1 22 1
120 1000001 1.9237821418437 20 0
62 1000001 0.71272439449687 21 0
171 1000001 0.71272439449687 23 1
0
0
1
26.5
170
connections
0.2375
step
0.095
link
1.9
enable
0.19
bias
0.38
node
0.526315
disable
0.421052
done
2
49 1000002 -1.2071234002743 24 0
150 1000006 -1.0420834641168 25 1
0
0
1
26.5
170
connections
0.2375
step
0.105263
link
1.9
enable
0.210526
bias
0.421052
node
0.475
disable
0.421052
done
2
13 1000005 1.5271430069241 27 1
163 1000006 0.017432355330061 26 0
0
0
1
26.5
171
connections
0.2375
step
0.105263
link
1.9
enable
0.210526
bias
0.421052
node
0.475
disable
0.421052
done
3
163 171 1 29 1
163 1000005 0.67495853019643 28 0
171 1000005 0.67495853019643 30 0
0
0
1
26.5
170
connections
0.2375
step
0.105263
link
1.9
enable
0.210526
bias
0.38
node
0.526315
disable
0.421052
done
2
60 1000004 -0.31566870692916 31 1
158 1000005 -0.84641906192825 32 0
0
0
1
26.5
171
connections
0.2631575
step
0.105263
link
2.10526
enable
0.210526
bias
0.38
node
0.526315
disable
0.421052
done
4
121 171 1 35 1
61 1000003 1.5861717926274 33 1
121 1000006 -1.9337983876158 34 1
171 1000006 -1.9337983876158 36 1
0
0
1
26.5
171
connections
0.2375
step
0.095
link
1.9
enable
0.210526
bias
0.38
node
0.475
disable
0.38
done
5
170 171 1 40 1
76 1000001 -1.0860005724644 38 1
171 1000004 -0.91504599476002 41 1
170 1000004 -0.91504599476002 39 1
14 1000005 0.12014894472442 37 0
0
0
1
26.5
171
connections
0.2375
step
0.105263
link
1.9
enable
0.210526
bias
0.421052
node
0.475
disable
0.38
done
5
102 171 1 45 1
31 1000002 -1.0010121255186 42 1
170 1000003 -0.081692726389362 44 1
102 1000004 0.67197534752636 43 1
171 1000004 0.67197534752636 46 1
0
0
1
26.5
170
connections
0.2375
step
0.095
link
2.10526
enable
0.19
bias
0.38
node
0.475
disable
0.421052
done
2
98 1000002 0.046521651580241 47 1
80 1000005 1.0764314378968 48 0
0
0
1
26.5
171
connections
0.2631575
step
0.105263
link
2.10526
enable
0.19
bias
0.38
node
0.475
disable
0.421052
done
5
152 171 1 52 1
19 1000001 0.96379860628573 51 1
152 1000005 1.3323916827014 49 0
171 1000005 1.3323916827014 53 1
167 1000006 1.4153059550632 50 1
0
0
1
26.5
171
connections
0.2375
step
0.095
link
2.10526
enable
0.19
bias
0.38
node
0.475
disable
0.38
done
5
100 171 1 57 1
88 1000003 -1.9049225598131 55 1
100 1000004 -1.4368492865175 54 0
155 1000004 1.954898904988 56 1
171 1000004 -1.4368492865175 58 1
0
0
1
26.5
170
connections
0.2631575
step
0.095
link
2.10526
enable
0.210526
bias
0.421052
node
0.475
disable
0.38
done
3
25 1000004 -0.47121009531953 60 1
115 1000006 -0.92603300834356 59 1
170 1000006 -0.26528002799734 61 0
0
0
1
26.5
170
connections
0.2631575
step
0.095
link
2.10526
enable
0.210526
bias
0.421052
node
0.475
disable
0.421052
done
2
124 1000003 0.87627386994486 63 1
116 1000006 -1.2879733179174 62 1
0
0
1
26.5
171
connections
0.2631575
step
0.095
link
1.9
enable
0.19
bias
0.421052
node
0.475
disable
0.38
done
5
147 171 1 67 0
147 1000002 1.3949952141358 64 1
171 1000002 1.3949952141358 68 1
105 1000002 -1.4996396468485 65 1
170 1000003 1.7384221347693 66 1
0
0
1
26.5
171
connections
0.2375
step
0.105263
link
1.9
enable
0.19
bias
0.38
node
0.475
disable
0.38
done
4
41 171 1 71 0
41 1000003 0.67280385581441 69 0
171 1000003 0.67280385581441 72 1
145 1000005 0.97194519032349 70 1
0
0
1
26.5
171
connections
0.2375
step
0.095
link
2.10526
enable
0.19
bias
0.421052
node
0.526315
disable
0.38
done
5
32 171 1 76 1
107 1000002 0.092231263449523 73 0
170 1000002 -1.9716759975868 75 1
32 1000002 -1.8178868143903 74 0
171 1000002 -1.8178868143903 77 1
0
0
1
26.5
170
connections
0.2631575
step
0.095
link
2.10526
enable
0.19
bias
0.38
node
0.475
disable
0.38
done
3
67 1000001 0.90869504907573 79 1
11 1000003 0.96483510311918 78 1
170 1000005 -1.3529313389924 80 1
0
0
1
26.5
170
connections
0.2375
step
0.105263
link
2.10526
enable
0.210526
bias
0.38
node
0.526315
disable
0.38
done
2
136 1000002 -1.3741225262052 82 1
108 1000004 -0.97753818658066 81 0
0
0
1
193.5
171
connections
0.2631575
step
0.095
link
1.9
enable
0.19
bias
0.421052
node
0.526315
disable
0.38
done
5
26 171 1 86 1
66 1000002 0.88587654702639 83 1
171 1000005 -1.0836923155392 87 1
26 1000005 -1.0836923155392 84 0
170 1000006 0.53685566901083 85 1
0
0
1
26.5
171
connections
0.2631575
step
0.095
link
2.10526
enable
0.210526
bias
0.38
node
0.475
disable
0.421052
done
4
32 171 1 90 1
25 1000003 -1.5196544991432 88 1
32 1000006 0.49642152827998 89 0
171 1000006 0.49642152827998 91 1
0
0
1
26.5
171
connections
0.2631575
step
0.095
link
2.10526
enable
0.210526
bias
0.421052
node
0.526315
disable
0.38
done
5
71 171 1 95 1
145 1000001 -1.3824613948271 94 1
166 1000004 -0.38560778199956 92 1
71 1000005 -0.98299487446574 93 0
171 1000005 -0.98299487446574 96 1
0
0
1
26.5
170
connections
0.2631575
step
0.095
link
1.9
enable
0.210526
bias
0.38
node
0.526315
disable
0.421052
done
3
83 1000002 -0.56251880832134 97 1
170 1000004 0.42619722635774 99 1
155 1000006 0.86698864533891 98 1
0
0
1
26.5
170
connections
0.2631575
step
0.105263
link
2.10526
enable
0.210526
bias
0.421052
node
0.475
disable
0.38
done
2
97 1000004 1.9943526983235 101 1
144 1000005 0.71378846034118 100 1
0
0
1
26.5
171
connections
0.2631575
step
0.095
link
1.9
enable
0.210526
bias
0.421052
node
0.475
disable
0.38
done
4
24 171 1 104 1
24 1000001 1.0278933229986 102 0
171 1000001 1.0278933229986 105 1
170 1000003 0.10426049032447 103 1
0
0
1
26.5
170
connections
0.2631575
step
0.095
link
1.9
enable
0.19
bias
0.38
node
0.526315
disable
0.421052
done
3
100 1000001 -1.2218366429311 107 1
79 1000002 0.35782631968978 106 1
170 1000003 -1.2484417908119 108 0
0
0
1
26.5
170
connections
0.2631575
step
0.095
link
1.9
enable
0.210526
bias
0.38
node
0.526315
disable
0.421052
done
2
16 1000003 0.8432025158979 110 1
7 1000004 -1.9493492059174 109 0
0
0
1
26.5
171
connections
0.2631575
step
0.095
link
1.9
enable
0.210526
bias
0.421052
node
0.526315
disable
0.421052
done
5
170 171 1 114 1
129 1000004 -1.7861621211218 112 1
46 1000006 1.4304360521168 111 1
170 1000006 -0.4047994885616 113 1
171 1000006 -0.4047994885616 115 1
0
0
1
26.5
171
connections
0.2631575
step
0.095
link
2.10526
enable
0.19
bias
0.38
node
0.526315
disable
0.421052
done
5
170 171 1 119 1
125 1000001 1.0111510581389 116 1
170 1000001 -0.27366668091792 118 0
139 1000001 0.10604330995402 117 1
171 1000001 -0.27366668091792 120 1
0
0
1
26.5
171
connections
0.2375
step
0.095
link
2.10526
enable
0.19
bias
0.421052
node
0.526315
disable
0.421052
done
5
170 171 1 124 1
161 1000001 -0.14007001469846 122 0
1000005 1000003 -1.4308744126143 121 1
170 1000003 0.10975619503751 123 0
171 1000003 0.10975619503751 125 1
0
0
1
26.5
170
connections
0.2375
step
0.095
link
1.9
enable
0.210526
bias
0.38
node
0.475
disable
0.38
done
3
136 1000002 0.19077604366037 126 1
163 1000005 0.68638814924582 127 1
170 1000005 -0.26899872080842 128 1
0
0
1
26.5
171
connections
0.2375
step
0.105263
link
1.9
enable
0.210526
bias
0.421052
node
0.526315
disable
0.38
done
5
63 171 1 132 1
63 1000003 -1.9508885890017 129 1
171 1000003 -1.9508885890017 133 1
80 1000003 0.47580049488498 130 1
170 1000004 0.32406108562092 131 0
0
0
1
26.5
170
connections
0.2631575
step
0.105263
link
1.9
enable
0.210526
bias
0.38
node
0.526315
disable
0.38
done
3
170 1000002 -0.38049817568646 136 1
55 1000002 -0.95107236641975 135 1
28 1000004 -0.3459651499735 134 0
0
0
1
26.5
171
connections
0.2375
step
0.105263
link
1.9
enable
0.19
bias
0.421052
node
0.526315
disable
0.421052
done
4
2 171 1 139 1
65 1000003 -1.7768860048507 138 1
2 1000006 0.88790602557729 137 0
171 1000006 0.88790602557729 140 1
0
0
1
26.5
171
connections
0.2375
step
0.105263
link
2.10526
enable
0.210526
bias
0.421052
node
0.475
disable
0.421052
done
6
71 171 1 145 1
170 1000002 0.78332611861794 144 1
155 1000002 -1.0416618730136 141 1
71 1000005 -1.9220389499897 143 0
171 1000005 -1.9220389499897 146 1
29 1000006 -1.5117023324183 142 1
0
0
1
26.5
171
connections
0.2375
step
0.105263
link
1.9
enable
0.19
bias
0.421052
node
0.475
disable
0.38
done
4
115 171 1 149 1
107 1000004 1.5849618351017 148 1
115 1000006 -1.9202604274825 147 0
171 1000006 -1.9202604274825 150 1
0
0
1
25.5
170
connections
0.2631575
step
0.105263
link
2.10526
enable
0.210526
bias
0.38
node
0.526315
disable
0.38
done
3
163 1000001 1.1304591964606 151 1
151 1000005 -0.82367159185171 152 1
170 1000005 1.9238169602695 153 1
0
0
1
26.5
171
connections
0.2375
step
0.105263
link
1.9
enable
0.19
bias
0.38
node
0.475
disable
0.421052
done
4
156 171 1 156 1
156 1000005 -0.42611447275901 154 0
141 1000005 -0.22823111071635 155 1
171 1000005 -0.42611447275901 157 1
0
0
1
26.5
171
connections
0.2631575
step
0.095
link
2.10526
enable
0.210526
bias
0.421052
node
0.475
disable
0.421052
done
5
90 171 1 161 1
1000003 1000001 1.9195371679587 159 1
90 1000002 -0.32112478200399 158 0
170 1000002 0.22983134455505 160 1
171 1000002 -0.32112478200399 162 1
0
0
1
26.5
171
connections
0.2631575
step
0.095
link
2.10526
enable
0.210526
bias
0.421052
node
0.526315
disable
0.421052
done
4
137 171 1 165 1
137 1000003 1.5890055278265 163 0
171 1000003 1.5890055278265 166 1
131 1000004 -1.1656503133316 164 1
0
0
1
26.5
170
connections
0.2631575
step
0.095
link
2.10526
enable
0.19
bias
0.38
node
0.475
disable
0.38
done
3
170 1000001 -1.5152995621391 169 1
8 1000003 -1.2980471902052 167 1
1000002 1000004 -0.47308407652801 168 1
0
0
1
26.5
171
connections
0.2375
step
0.105263
link
2.10526
enable
0.210526
bias
0.421052
node
0.475
disable
0.421052
done
5
18 171 1 173 1
90 1000006 1.0138027886924 170 1
170 1000006 -1.7173245603765 172 1
18 1000006 1.3904731084548 171 0
171 1000006 1.3904731084548 174 1
0
0
1
26.5
171
connections
0.2631575
step
0.095
link
2.10526
enable
0.19
bias
0.421052
node
0.475
disable
0.421052
done
4
21 171 1 177 1
48 1000003 -0.51590776746902 176 1
21 1000005 0.70973938643455 175 0
171 1000005 0.70973938643455 178 1
0
0
1
26.5
171
connections
0.2375
step
0.105263
link
2.10526
enable
0.19
bias
0.421052
node
0.475
disable
0.421052
done
4
75 171 1 181 0
75 1000003 1.120415867828 179 0
171 1000003 1.120415867828 182 1
3 1000004 -1.0081112212539 180 1
0
0
1
26.5
171
connections
0.2375
step
0.105263
link
2.10526
enable
0.19
bias
0.421052
node
0.475
disable
0.421052
done
5
99 171 1 186 1
100 1000001 -1.6461379638157 183 1
170 1000004 1.8892524875185 185 1
99 1000006 -1.5320332569685 184 0
171 1000006 -1.5320332569685 187 1
0
0
1
26.5
171
connections
0.2375
step
0.105263
link
1.9
enable
0.19
bias
0.421052
node
0.526315
disable
0.421052
done
4
120 171 1 190 0
85 1000001 -1.8849159124703 189 1
120 1000003 0.90082318843381 188 0
171 1000003 0.90082318843381 191 1
0
0
1
26.5
170
connections
0.2631575
step
0.105263
link
2.10526
enable
0.19
bias
0.421052
node
0.526315
disable
0.421052
done
3
121 1000001 1.7561461812612 192 1
43 1000002 0.35767183935161 193 1
170 1000002 -1.9869600124596 194 0
0
0
1
26.5
170
connections
0.2631575
step
0.105263
link
1.9
enable
0.19
bias
0.38
node
0.526315
disable
0.38
done
2
73 1000001 -0.76844347956052 195 1
49 1000003 0.94082798573227 196 1
0
0
1
26.5
170
connections
0.2631575
step
0.095
link
2.10526
enable
0.210526
bias
0.421052
node
0.475
disable
0.421052
done
4
170 1000002 -0.15861202504421 200 1
48 1000002 -0.76198592538107 198 1
1 1000003 0.040720582958647 199 0
60 1000003 -0.40459018126344 197 1
0
0
1
26.5
170
connections
0.2631575
step
0.105263
link
1.9
enable
0.210526
bias
0.38
node
0.475
disable
0.421052
done
2
87 1000003 1.0742478347729 201 1
35 1000004 1.9438412580378 202 1
0
0
1
26.5
171
connections
0.2631575
step
0.095
link
1.9
enable
0.19
bias
0.421052
node
0.526315
disable
0.421052
done
3
1000002 171 1 204 1
1000002 1000004 0.23637622140179 203 0
171 1000004 0.23637622140179 205 1
0
0
1
26.5
171
connections
0.2631575
step
0.095
link
1.9
enable
0.19
bias
0.421052
node
0.526315
disable
0.38
done
5
170 171 1 209 1
136 1000003 -1.0859428937947 206 1
170 1000003 -1.6510813309118 208 1
171 1000003 -1.6510813309118 210 1
169 1000005 -0.80469518471728 207 1
0
0
1
26.5
170
connections
0.2631575
step
0.095
link
2.10526
enable
0.19
bias
0.38
node
0.475
disable
0.38
done
3
42 1000001 -1.2270917404569 211 1
170 1000001 1.9751021005097 213 1
82 1000003 -0.75950972491852 212 1
0
0
1
193.5
171
connections
0.2375
step
0.105263
link
2.10526
enable
0.210526
bias
0.421052
node
0.526315
disable
0.38
done
5
136 171 1 217 1
31 1000002 -1.4268275999589 215 1
136 1000003 -0.92302801596142 214 1
171 1000003 -0.92302801596142 218 1
170 1000006 0.030909049339084 216 1
0
0
1
26.5
171
connections
0.2375
step
0.105263
link
2.10526
enable
0.19
bias
0.38
node
0.526315
disable
0.38
done
4
1000005 171 1 221 1
171 1000005 1.5818333400329 222 1
1000005 1000005 1.5818333400329 220 0
166 1000006 1.5471821443863 219 1
0
0
1
26.5
170
connections
0.2631575
step
0.095
link
1.9
enable
0.19
bias
0.38
node
0.526315
disable
0.38
done
2
168 1000003 -0.94657220269859 223 1
92 1000003 -1.261951028957 224 1
0
0
1
26.5
171
connections
0.2631575
step
0.105263
link
2.10526
enable
0.19
bias
0.421052
node
0.475
disable
0.421052
done
4
77 171 1 227 1
77 1000001 1.9637126680295 225 0
148 1000001 1.841541554705 226 0
171 1000001 1.9637126680295 228 1
0
0
1
26.5
170
connections
0.2375
step
0.105263
link
1.9
enable
0.19
bias
0.421052
node
0.526315
disable
0.38
done
2
64 1000001 0.83437711877487 229 1
90 1000001 -1.3385622144391 230 1
0
0
1
26.5
171
connections
0.2375
step
0.095
link
2.10526
enable
0.19
bias
0.421052
node
0.526315
disable
0.421052
done
4
1000001 171 1 233 1
1000001 1000004 1.8668603821969 231 0
113 1000004 0.73247640893444 232 1
171 1000004 1.8668603821969 234 1
0
0
1
26.5
171
connections
0.2631575
step
0.095
link
1.9
enable
0.19
bias
0.38
node
0.526315
disable
0.38
done
5
95 171 1 238 1
95 1000001 -0.97997765381819 235 0
170 1000001 0.43954255545491 237 1
171 1000001 -0.97997765381819 239 0
56 1000004 -0.28390545318085 236 1
0
0
1
26.5
170
connections
0.2631575
step
0.105263
link
1.9
enable
0.19
bias
0.421052
node
0.475
disable
0.421052
done
2
28 1000001 -1.8496902379439 240 1
78 1000004 1.4983325970817 241 0
0
0
1
26.5
171
connections
0.2375
step
0.095
link
2.10526
enable
0.210526
bias
0.38
node
0.526315
disable
0.421052
done
5
32 171 1 245 1
34 1000001 -1.2302936945252 244 1
171 1000003 -1.359348049089 246 0
32 1000003 -1.359348049089 243 1
149 1000004 -1.2937668651779 242 1
0
0
1
26.5
171
connections
0.2375
step
0.095
link
1.9
enable
0.19
bias
0.38
node
0.526315
disable
0.421052
done
4
168 171 1 249 0
168 1000002 1.4038826764579 247 0
171 1000002 1.4038826764579 250 1
95 1000003 -0.45575620534632 248 1
0
0
1
26.5
170
connections
0.2375
step
0.095
link
1.9
enable
0.210526
bias
0.421052
node
0.475
disable
0.421052
done
1
151 1000001 -0.3006759743675 251 1
0
0
1
26.5
171
connections
0.2375
step
0.105263
link
1.9
enable
0.19
bias
0.38
node
0.526315
disable
0.38
done
4
96 171 1 254 1
113 1000005 -1.2204658348209 253 1
96 1000006 -0.72991390280887 252 0
171 1000006 -0.72991390280887 255 1
0
0
1
26.5
171
connections
0.2631575
step
0.105263
link
2.10526
enable
0.19
bias
0.38
node
0.526315
disable
0.421052
done
5
163 171 1 259 1
171 1000002 -0.048897325084031 260 1
170 1000002 -1.2499246426159 258 1
163 1000002 -0.048897325084031 257 0
66 1000005 0.19336071898852 256 1
0
0
1
26.5
170
connections
0.2631575
step
0.105263
link
1.9
enable
0.210526
bias
0.38
node
0.475
disable
0.38
done
2
79 1000003 -0.59090644614348 261 1
45 1000006 0.34730677229693 262 1
0
0
1
26.5
171
connections
0.2375
step
0.105263
link
1.9
enable
0.19
bias
0.421052
node
0.526315
disable
0.421052
done
5
14 171 1 266 1
170 1000001 1.1860124185616 265 1
171 1000003 -0.41670937576178 267 1
14 1000003 -0.41670937576178 264 1
75 1000006 -1.0762938927283 263 1
0
0
1
26.5
170
connections
0.2375
step
0.105263
link
2.10526
enable
0.210526
bias
0.38
node
0.475
disable
0.421052
done
2
101 1000002 -0.86167142859738 269 0
47 1000005 -0.91152707995452 268 1
0
0
1
26.5
170
connections
0.2631575
step
0.105263
link
1.9
enable
0.19
bias
0.421052
node
0.526315
disable
0.421052
done
2
4 1000001 -1.1529944516499 271 1
125 1000006 -1.7757284696101 270 1
0
0
1
26.5
171
connections
0.2375
step
0.095
link
2.10526
enable
0.210526
bias
0.421052
node
0.475
disable
0.421052
done
4
157 171 1 274 0
157 1000003 0.53933202966085 272 0
43 1000003 -0.42711129897605 273 1
171 1000003 0.53933202966085 275 1
0
0
1
26.5
170
connections
0.2631575
step
0.095
link
2.10526
enable
0.210526
bias
0.38
node
0.526315
disable
0.38
done
3
20 1000001 -0.055914736378898 277 1
170 1000002 1.8121639079471 278 0
131 1000005 0.68113966597297 276 1
0
0
1
26.5
171
connections
0.2375
step
0.105263
link
1.9
enable
0.210526
bias
0.38
node
0.526315
disable
0.421052
done
5
73 171 1 282 1
82 1000002 -0.91697942228847 279 1
171 1000003 0.44651702905377 283 1
73 1000003 0.44651702905377 280 0
170 1000006 -1.2964272514435 281 1
0
0
1
26.5
171
connections
0.2631575
step
0.095
link
2.10526
enable
0.210526
bias
0.421052
node
0.526315
disable
0.38
done
5
116 171 1 287 1
94 1000003 1.2284399006648 284 1
171 1000004 0.74314437189286 288 1
116 1000004 0.74314437189286 285 0
170 1000006 -0.027559493681211 286 1
0
0
1
26.5
170
connections
0.2631575
step
0.105263
link
1.9
enable
0.19
bias
0.38
node
0.526315
disable
0.38
done
3
170 1000002 1.8267647027163 291 0
32 1000002 0.54040786183458 290 1
124 1000006 -1.7636918647977 289 1
0
0
1
26.5
170
connections
0.2375
step
0.095
link
1.9
enable
0.210526
bias
0.421052
node
0.526315
disable
0.38
done
3
170 1000001 -1.5917735749817 294 1
53 1000002 -0.76838090027141 293 1
81 1000004 0.9570678989203 292 1
0
0
1
26.5
171
connections
0.2375
step
0.105263
link
2.10526
enable
0.19
bias
0.38
node
0.475
disable
0.38
done
4
43 171 1 297 1
43 1000002 1.7739620226314 295 0
171 1000002 1.7739620226314 298 1
144 1000004 -1.3684841037581 296 1
0
0
1
26.5
171
connections
0.2375
step
0.095
link
2.10526
enable
0.210526
bias
0.421052
node
0.526315
disable
0.421052
done
4
129 171 1 301 1
171 1000003 1.904067160517 302 0
129 1000003 1.904067160517 300 0
124 1000004 -1.5200225578249 299 1
0
0
1
26.5
170
connections
0.2631575
step
0.095
link
1.9
enable
0.210526
bias
0.421052
node
0.526315
disable
0.38
done
2
116 1000004 -0.48946754564041 303 1
18 1000006 1.4350546148769 304 1
0
0
1
26.5
171
connections
0.2375
step
0.105263
link
2.10526
enable
0.19
bias
0.421052
node
0.475
disable
0.421052
done
4
136 171 1 307 1
9 1000001 1.1650653477595 306 1
136 1000002 1.2642430138142 305 0
171 1000002 1.2642430138142 308 1
0
0
1
26.5
170
connections
0.2631575
step
0.105263
link
2.10526
enable
0.210526
bias
0.421052
node
0.475
disable
0.38
done
2
125 1000005 -1.7898299581324 309 1
95 1000005 1.0856438163135 310 0
0
0
1
26.5
171
connections
0.2375
step
0.105263
link
1.9
enable
0.210526
bias
0.421052
node
0.526315
disable
0.38
done
5
76 171 1 314 1
170 1000001 0.72985076845151 313 1
171 1000003 1.0941170375301 315 1
76 1000003 1.0941170375301 312 0
157 1000006 1.2331153858607 311 1
0
0
1
25.5
170
connections
0.2375
step
0.105263
link
1.9
enable
0.210526
bias
0.421052
node
0.526315
disable
0.421052
done
3
159 1000003 -1.4632078574333 316 1
56 1000004 1.0165709755461 317 1
170 1000005 0.8732933694838 318 1
0
0
1
193.5
170
connections
0.2631575
step
0.105263
link
2.10526
enable
0.19
bias
0.38
node
0.526315
disable
0.421052
done
3
49 1000001 1.6048052886523 319 1
34 1000001 -0.41146045662996 320 1
170 1000006 1.5475022008398 321 1
0
0
1
26.5
171
connections
0.2375
step
0.095
link
1.9
enable
0.210526
bias
0.421052
node
0.526315
disable
0.38
done
4
60 171 1 324 1
38 1000002 -1.9737525563565 322 1
60 1000003 1.1207890580971 323 0
171 1000003 1.1207890580971 325 1
0
0
1
26.5
170
connections
0.2375
step
0.095
link
1.9
enable
0.19
bias
0.421052
node
0.475
disable
0.38
done
2
56 1000004 -1.8557679969146 327 1
168 1000005 0.12095558555841 326 1
0
0
1
26.5
170
connections
0.2375
step
0.105263
link
2.10526
enable
0.210526
bias
0.421052
node
0.475
disable
0.38
done
2
40 1000003 -1.4589825605317 328 1
76 1000005 -1.359677178487 329 1
0
0
1
25.5
170
connections
0.2375
step
0.095
link
2.10526
enable
0.210526
bias
0.421052
node
0.475
disable
0.38
done
2
128 1000005 1.3255563822228 331 1
160 1000006 0.72514121547581 330 0
0
0
1
26.5
171
connections
0.2631575
step
0.095
link
2.10526
enable
0.210526
bias
0.38
node
0.475
disable
0.421052
done
5
57 171 1 335 1
170 1000002 0.88488549128402 334 1
171 1000004 0.56911649115808 336 1
57 1000004 0.56911649115808 333 0
163 1000005 -1.198480710014 332 1
0
0
1
26.5
171
connections
0.2631575
step
0.095
link
2.10526
enable
0.210526
bias
0.38
node
0.526315
disable
0.421052
done
5
142 171 1 340 1
122 1000002 0.81478833351973 337 1
170 1000005 -0.63642179343683 339 1
142 1000006 -0.89527656645294 338 0
171 1000006 -0.89527656645294 341 1
0
0
1
26.5
171
connections
0.2375
step
0.095
link
2.10526
enable
0.210526
bias
0.38
node
0.526315
disable
0.38
done
5
102 171 1 345 1
170 1000003 -1.1044569123091 344 1
171 1000005 0.12644889490979 346 1
102 1000005 0.12644889490979 343 0
20 1000006 -0.801059528627 342 1
0
0
1
26.5
170
connections
0.2375
step
0.105263
link
1.9
enable
0.210526
bias
0.38
node
0.475
disable
0.421052
done
3
41 1000002 0.68986848494498 348 1
68 1000005 -1.2460971266246 347 1
170 1000005 0.81795585659237 349 0
0
0
1
26.5
171
connections
0.2631575
step
0.095
link
1.9
enable
0.19
bias
0.421052
node
0.526315
disable
0.38
done
4
70 171 1 352 1
70 1000001 -0.77610148618748 350 1
32 1000001 -1.7336395064991 351 1
171 1000001 -0.77610148618748 353 0
0
0
1
26.5
170
connections
0.2375
step
0.095
link
1.9
enable
0.19
bias
0.421052
node
0.475
disable
0.38
done
2
59 1000001 1.2777615726356 355 1
63 1000002 -0.53242213210669 354 1
0
0
1
26.5
170
connections
0.2631575
step
0.095
link
1.9
enable
0.210526
bias
0.421052
node
0.475
disable
0.421052
done
2
170 1000002 0.23954847559312 357 1
152 1000006 -1.2989722971334 356 1
0
0
1
26.5
171
connections
0.2631575
step
0.095
link
1.9
enable
0.210526
bias
0.38
node
0.526315
disable
0.421052
done
4
161 171 1 360 1
42 1000001 -0.83052170035919 359 0
161 1000006 1.6238199414796 358 0
171 1000006 1.6238199414796 361 1
0
0
1
26.5
171
connections
0.2631575
step
0.095
link
1.9
enable
0.210526
bias
0.421052
node
0.475
disable
0.38
done
4
132 171 1 364 1
171 1000002 1.1849773466517 365 1
132 1000002 1.1849773466517 363 0
44 1000004 -1.6073253357817 362 1
0
0
1
26.5
171
connections
0.2375
step
0.105263
link
1.9
enable
0.19
bias
0.421052
node
0.526315
disable
0.421052
done
4
1000006 171 1 368 1
1000006 1000005 -1.47105732163 366 1
171 1000005 -1.47105732163 369 1
79 1000006 0.12510008091345 367 1
0
0
1
26.5
170
connections
0.2375
step
0.095
link
1.9
enable
0.210526
bias
0.421052
node
0.475
disable
0.421052
done
2
129 1000001 1.1453077882274 370 1
1000005 1000005 1.0615727636319 371 1
0
0
1
26.5
170
connections
0.2631575
step
0.095
link
2.10526
enable
0.210526
bias
0.421052
node
0.526315
disable
0.421052
done
2
12 1000002 -1.7081259841603 372 1
165 1000003 -1.9531624819865 373 1
0
0
1
26.5
171
connections
0.2631575
step
0.095
link
2.10526
enable
0.210526
bias
0.421052
node
0.475
disable
0.421052
done
5
170 171 1 377 1
171 1000002 -1.9751645084355 378 0
170 1000002 -1.9751645084355 376 0
165 1000003 -1.4035830420459 375 1
72 1000004 -0.71356332055925 374 1
0
0
1
26.5
170
connections
0.2375
step
0.105263
link
1.9
enable
0.210526
bias
0.38
node
0.475
disable
0.38
done
2
1000005 1000004 -1.0923737320548 379 1
67 1000005 1.1391412928417 380 1
0
0
1
26.5
170
connections
0.2375
step
0.095
link
1.9
enable
0.19
bias
0.38
node
0.475
disable
0.38
done
2
76 1000006 -1.1314344904998 381 1
57 1000006 1.1593354247321 382 0
0
0
1
26.5
170
connections
0.2375
step
0.095
link
1.9
enable
0.19
bias
0.421052
node
0.475
disable
0.38
done
2
168 1000003 -0.44763115721179 383 1
34 1000005 -1.4447053966321 384 1
0
0
1
26.5
171
connections
0.2375
step
0.095
link
1.9
enable
0.210526
bias
0.38
node
0.475
disable
0.38
done
5
143 171 1 388 1
143 1000001 0.5030214295271 386 0
171 1000001 0.5030214295271 389 1
83 1000004 1.5154182182231 385 1
170 1000005 -1.621302541169 387 1
0
0
1
26.5
171
connections
0.2631575
step
0.105263
link
2.10526
enable
0.19
bias
0.38
node
0.526315
disable
0.38
done
5
170 171 1 393 1
171 1000004 1.9026186782413 394 1
170 1000004 1.9026186782413 392 1
54 1000005 0.10318416082449 390 1
9 1000006 -1.447620782744 391 1
0
0
1
26.5
170
connections
0.2375
step
0.095
link
2.10526
enable
0.210526
bias
0.421052
node
0.526315
disable
0.421052
done
2
23 1000004 1.5608878990453 395 1
69 1000004 0.55040219172388 396 1
0
0
1
25.5
171
connections
0.2375
step
0.105263
link
2.10526
enable
0.19
bias
0.421052
node
0.475
disable
0.38
done
5
140 171 1 400 1
126 1000003 -1.3673234895651 397 0
170 1000005 0.11351213888894 399 1
140 1000006 -0.86406130849573 398 0
171 1000006 -0.86406130849573 401 1
0
0
1
26.5
170
connections
0.2631575
step
0.105263
link
2.10526
enable
0.210526
bias
0.38
node
0.475
disable
0.421052
done
3
82 1000003 1.5298163665132 402 1
170 1000003 0.064266813017552 404 1
1000004 1000005 0.376455982391 403 1
0
0
1
26.5
171
connections
0.2375
step
0.105263
link
2.10526
enable
0.210526
bias
0.421052
node
0.526315
disable
0.38
done
5
149 171 1 408 1
170 1000002 -1.6452551612841 407 1
171 1000003 0.72853268623749 409 1
149 1000003 0.72853268623749 406 0
5 1000004 1.752363439534 405 1
0
0
1
26.5
171
connections
0.2631575
step
0.095
link
2.10526
enable
0.210526
bias
0.421052
node
0.526315
disable
0.421052
done
4
146 171 1 412 1
146 1000001 1.9813209101471 410 0
171 1000001 1.9813209101471 413 1
23 1000005 1.9442237913349 411 1
0
0
1
26.5
171
connections
0.2631575
step
0.105263
link
1.9
enable
0.19
bias
0.421052
node
0.526315
disable
0.421052
done
3
72 171 1 415 1
72 1000004 1.2950679600681 414 0
171 1000004 1.2950679600681 416 1
0
0
1
26.5
171
connections
0.2631575
step
0.105263
link
2.10526
enable
0.210526
bias
0.38
node
0.475
disable
0.421052
done
5
170 171 1 420 0
129 1000002 -1.818707497706 417 1
170 1000004 -0.96944142085008 419 0
171 1000004 -0.96944142085008 421 1
57 1000005 1.5532136576032 418 1
0
0
1
26.5
171
connections
0.2375
step
0.105263
link
2.10526
enable
0.210526
bias
0.38
node
0.475
disable
0.421052
done
4
34 171 1 424 1
171 1000004 -1.5755265762915 425 1
34 1000004 -1.5755265762915 423 0
152 1000005 -0.2183919205416 422 0
0
0
1
26.5
171
connections
0.2375
step
0.095
link
1.9
enable
0.19
bias
0.38
node
0.526315
disable
0.38
done
5
90 171 1 429 0
1000005 1000004 -1.435271486377 426 1
170 1000004 1.1379417307386 428 1
90 1000006 0.35835780313162 427 0
171 1000006 0.35835780313162 430 1
0
0
1
26.5
171
connections
0.2631575
step
0.105263
link
2.10526
enable
0.19
bias
0.421052
node
0.526315
disable
0.38
done
4
8 171 1 433 1
171 1000001 -1.8031601998038 434 1
8 1000001 -1.8031601998038 432 0
104 1000004 -1.2788226191321 431 1
0
0
1
26.5
170
connections
0.2375
step
0.095
link
2.10526
enable
0.210526
bias
0.38
node
0.475
disable
0.421052
done
2
109 1000001 -0.092634194573683 435 1
29 1000004 -1.451797654597 436 1
0
0
1
26.5
170
connections
0.2631575
step
0.105263
link
1.9
enable
0.210526
bias
0.421052
node
0.526315
disable
0.421052
done
2
102 1000003 0.50063046556927 437 1
3 1000003 1.0610103863576 438 1
0
0
1
193.5
170
connections
0.2375
step
0.095
link
1.9
enable
0.19
bias
0.38
node
0.526315
disable
0.421052
done
2
46 1000005 -1.5492910628902 439 1
116 1000006 1.1906503733204 440 1
0
0
1
193.5
170
connections
0.2375
step
0.105263
link
1.9
enable
0.210526
bias
0.421052
node
0.475
disable
0.421052
done
3
68 1000004 0.034865352341377 441 1
118 1000006 1.9636502917687 442 1
170 1000006 0.35562213247438 443 1
0
0
1
26.5
171
connections
0.2631575
step
0.095
link
2.10526
enable
0.210526
bias
0.38
node
0.526315
disable
0.38
done
4
152 171 1 446 1
139 1000001 1.428509896355 444 1
152 1000005 -1.778058370472 445 0
171 1000005 -1.778058370472 447 1
0
0
1
26.5
170
connections
0.2631575
step
0.095
link
1.9
enable
0.19
bias
0.38
node
0.526315
disable
0.38
done
2
141 1000002 -1.4638590139634 448 1
50 1000005 -0.081037963778264 449 1
0
0
1
26.5
170
connections
0.2375
step
0.105263
link
2.10526
enable
0.210526
bias
0.421052
node
0.526315
disable
0.421052
done
3
170 1000001 -1.7566378935038 452 1
24 1000004 -1.2659442514488 451 1
66 1000006 -1.9106048456908 450 0
0
0
1
26.5
171
connections
0.2375
step
0.105263
link
1.9
enable
0.210526
bias
0.38
node
0.475
disable
0.38
done
4
41 171 1 455 1
108 1000001 -0.037292829732081 454 1
41 1000005 1.6208207847647 453 0
171 1000005 1.6208207847647 456 1
0
0
1
193.5
170
connections
0.2631575
step
0.105263
link
2.10526
enable
0.19
bias
0.421052
node
0.526315
disable
0.38
done
3
44 1000002 -1.2391815722171 457 1
86 1000004 -1.8589079658775 458 0
170 1000006 1.0391656379398 459 1
0
0
1
26.5
171
connections
0.2631575
step
0.105263
link
2.10526
enable
0.210526
bias
0.421052
node
0.475
disable
0.38
done
4
129 171 1 462 1
171 1000001 -0.71809001020998 463 1
129 1000001 -0.71809001020998 461 1
152 1000004 -1.3239624515753 460 1
0
0
1
26.5
171
connections
0.2375
step
0.095
link
2.10526
enable
0.210526
bias
0.38
node
0.526315
disable
0.38
done
4
40 171 1 466 1
40 1000004 -1.3631247614339 464 0
171 1000004 -1.3631247614339 467 1
123 1000005 -1.8255731294982 465 1
0
0
1
26.5
170
connections
0.2631575
step
0.105263
link
1.9
enable
0.19
bias
0.421052
node
0.475
disable
0.38
done
2
79 1000003 0.44968721198369 468 1
40 1000004 0.68968118852455 469 0
0
0
1
26.5
170
connections
0.2631575
step
0.105263
link
1.9
enable
0.210526
bias
0.421052
node
0.526315
disable
0.38
done
2
2 1000001 -1.7918668984398 470 1
119 1000006 1.0903798281636 471 1
0
0
1
26.5
171
connections
0.2631575
step
0.095
link
2.10526
enable
0.19
bias
0.421052
node
0.475
disable
0.421052
done
4
167 171 1 474 1
48 1000002 -0.36175458243198 473 1
167 1000006 -1.7652409056971 472 0
171 1000006 -1.7652409056971 475 1
0
0
1
26.5
171
connections
0.2375
step
0.095
link
1.9
enable
0.19
bias
0.38
node
0.475
disable
0.38
done
5
160 171 1 479 1
160 1000002 1.5511348226811 477 0
171 1000002 1.5511348226811 480 0
158 1000004 -0.43621542418199 476 1
170 1000006 -1.4591466875091 478 1
0
0
1
26.5
171
connections
0.2375
step
0.105263
link
1.9
enable
0.210526
bias
0.421052
node
0.526315
disable
0.421052
done
5
170 171 1 484 0
15 1000003 -0.71979632168999 481 1
170 1000006 -1.7888478281856 483 0
165 1000006 1.906547883482 482 1
171 1000006 -1.7888478281856 485 1
0
0
1
26.5
170
connections
0.2375
step
0.105263
link
1.9
enable
0.210526
bias
0.421052
node
0.475
disable
0.38
done
3
138 1000004 -1.3552040659614 486 1
50 1000004 1.0594414859356 487 1
170 1000006 -0.73959421307761 488 1
0
0
1
26.5
171
connections
0.2631575
step
0.105263
link
2.10526
enable
0.19
bias
0.421052
node
0.526315
disable
0.38
done
4
154 171 1 491 1
154 1000005 1.2997464627492 489 0
171 1000005 1.2997464627492 492 1
151 1000006 1.7525559308718 490 1
0
0
1
26.5
170
connections
0.2631575
step
0.095
link
2.10526
enable
0.19
bias
0.38
node
0.475
disable
0.421052
done
2
98 1000002 -1.4569361039702 493 1
68 1000006 1.6242355162391 494 1
0
0
1
193.5
170
connections
0.2375
step
0.095
link
2.10526
enable
0.19
bias
0.421052
node
0.475
disable
0.38
done
3
126 1000004 1.2362830802967 496 0
143 1000005 -1.4223714691691 495 1
170 1000006 1.0782279032647 497 1
0
0
1
26.5
171
connections
0.2375
step
0.105263
link
1.9
enable
0.19
bias
0.38
node
0.475
disable
0.38
done
4
112 171 1 500 1
170 1000002 0.26202312217188 499 1
112 1000003 -0.55904754370407 498 0
171 1000003 -0.55904754370407 501 1
0
0
1
26.5
171
connections
0.2375
step
0.105263
link
2.10526
enable
0.210526
bias
0.421052
node
0.475
disable
0.38
done
4
152 171 1 504 1
120 1000005 0.28512866528944 502 1
152 1000006 -1.3349266105028 503 0
171 1000006 -1.3349266105028 505 1
0
0
1
26.5
171
connections
0.2631575
step
0.105263
link
2.10526
enable
0.210526
bias
0.38
node
0.475
disable
0.38
done
4
1000003 171 1 508 1
80 1000004 -0.031723928652575 506 1
1000003 1000006 -0.43529397548889 507 1
171 1000006 -0.43529397548889 509 1
0
0
1
26.5
171
connections
0.2375
step
0.095
link
2.10526
enable
0.210526
bias
0.38
node
0.526315
disable
0.38
done
5
170 171 1 513 1
37 1000001 0.44873436840658 510 1
170 1000002 -0.44254323395088 512 0
92 1000002 -1.3468216039924 511 1
171 1000002 -0.44254323395088 514 1
0
0
1
26.5
171
connections
0.2375
step
0.105263
link
1.9
enable
0.210526
bias
0.421052
node
0.475
disable
0.421052
done
4
46 171 1 517 1
71 1000005 1.9010405912535 515 1
46 1000006 -1.8320899455958 516 1
171 1000006 -1.8320899455958 518 1
0
0
1
26.5
170
connections
0.2375
step
0.105263
link
1.9
enable
0.19
bias
0.421052
node
0.526315
disable
0.421052
done
1
67 1000005 0.70159154511131 519 1
0
0
1
26.5
171
connections
0.2631575
step
0.095
link
1.9
enable
0.210526
bias
0.421052
node
0.526315
disable
0.421052
done
4
49 171 1 522 1
171 1000002 1.3752363842797 523 1
49 1000002 1.3752363842797 521 1
12 1000005 -0.53437566875218 520 1
0
0
1
26.5
171
connections
0.2375
step
0.095
link
2.10526
enable
0.19
bias
0.38
node
0.475
disable
0.421052
done
5
170 171 1 527 1
171 1000001 0.66216736783374 528 1
170 1000001 0.66216736783374 526 0
1000002 1000003 -1.9977497961362 525 1
112 1000003 0.1128005916778 524 0
0
0
1
26.5
170
connections
0.2631575
step
0.105263
link
1.9
enable
0.210526
bias
0.38
node
0.526315
disable
0.38
done
2
14 1000001 0.046448274537199 530 1
68 1000006 1.1487288787722 529 1
0
0
1
26.5
171
connections
0.2631575
step
0.095
link
2.10526
enable
0.210526
bias
0.421052
node
0.526315
disable
0.38
done
5
45 171 1 534 1
93 1000002 0.69668354033338 531 1
45 1000004 1.932269090755 533 0
39 1000004 1.7303973882135 532 1
171 1000004 1.932269090755 535 1
0
0
1
26.5
171
connections
0.2631575
step
0.095
link
1.9
enable
0.210526
bias
0.421052
node
0.475
disable
0.421052
done
5
91 171 1 539 1
91 1000002 -1.9131395984037 537 0
171 1000002 -1.9131395984037 540 1
170 1000004 1.8308276160764 538 1
37 1000006 1.8790525569949 536 0
0
0
1
26.5
170
connections
0.2375
step
0.105263
link
1.9
enable
0.210526
bias
0.38
node
0.526315
disable
0.421052
done
2
97 1000002 1.4018532407479 542 1
18 1000006 -0.72042449876686 541 0
0
0
1
26.5
171
connections
0.2375
step
0.095
link
1.9
enable
0.19
bias
0.38
node
0.526315
disable
0.38
done
5
31 171 1 546 1
81 1000001 -1.4052126013698 544 1
31 1000002 -0.35441994217896 543 0
171 1000002 -0.35441994217896 547 1
170 1000006 -1.5532514432227 545 1
0
0
1
26.5
170
connections
0.2631575
step
0.105263
link
1.9
enable
0.210526
bias
0.421052
node
0.475
disable
0.38
done
2
94 1000002 0.82125857603795 549 1
101 1000005 0.064956172399668 548 0
0
0
1
26.5
170
connections
0.2631575
step
0.095
link
1.9
enable
0.210526
bias
0.38
node
0.475
disable
0.38
done
3
170 1000001 1.2436681330407 552 1
26 1000004 1.4947699492307 551 1
17 1000005 0.098221586131594 550 1
0
0
1
26.5
170
connections
0.2375
step
0.105263
link
2.10526
enable
0.19
bias
0.38
node
0.526315
disable
0.38
done
2
78 1000001 -0.92641675049738 553 1
93 1000005 -1.3224931933556 554 0
0
0
1
26.5
171
connections
0.2375
step
0.105263
link
1.9
enable
0.210526
bias
0.38
node
0.526315
disable
0.421052
done
4
31 171 1 557 1
171 1000003 -1.000174870249 558 1
31 1000003 -1.000174870249 556 0
165 1000006 -0.33309749063714 555 1
0
0
1
26.5
171
connections
0.2375
step
0.095
link
1.9
enable
0.210526
bias
0.421052
node
0.526315
disable
0.38
done
5
1000006 171 1 562 1
170 1000002 -1.2419636506783 561 1
1000006 1000003 1.7203566263059 559 0
171 1000003 1.7203566263059 563 1
129 1000004 1.629081765017 560 1
0
0
1
26.5
170
connections
0.2375
step
0.095
link
1.9
enable
0.210526
bias
0.38
node
0.526315
disable
0.38
done
3
170 1000001 -0.98875975748001 566 0
123 1000003 -1.7182744926392 564 1
38 1000006 0.1680591544919 565 1
0
0
1
26.5
170
connections
0.2375
step
0.105263
link
1.9
enable
0.210526
bias
0.421052
node
0.475
disable
0.38
done
2
170 1000004 -1.5978827288364 568 1
10 1000006 -1.9442834201941 567 1
0
0
1
26.5
171
connections
0.2631575
step
0.095
link
1.9
enable
0.210526
bias
0.38
node
0.526315
disable
0.38
done
5
131 171 1 572 1
170 1000001 1.7261574956245 571 1
171 1000003 -1.1384768686902 573 0
131 1000003 -1.1384768686902 570 0
70 1000005 0.342623613003 569 1
0
0
1
26.5
170
connections
0.2375
step
0.095
link
2.10526
enable
0.19
bias
0.421052
node
0.526315
disable
0.421052
done
3
142 1000002 0.015075908049511 574 1
89 1000002 0.96890330080358 576 1
66 1000006 -0.26132119366029 575 1
0
0
1
193.5
171
connections
0.2375
step
0.105263
link
2.10526
enable
0.210526
bias
0.421052
node
0.475
disable
0.421052
done
5
92 171 1 580 1
92 1000004 1.5803778989149 577 0
171 1000004 1.5803778989149 581 1
9 1000005 1.7327639440693 578 1
170 1000006 0.28852054210777 579 1
0
0
1
26.5
171
connections
0.2375
step
0.095
link
1.9
enable
0.210526
bias
0.38
node
0.475
disable
0.38
done
5
7 171 1 585 0
170 1000004 -1.5976585539047 584 1
7 1000005 -1.0973289902775 582 0
145 1000005 -1.3925075006636 583 1
171 1000005 -1.0973289902775 586 1
0
0
1
26.5
171
connections
0.2631575
step
0.105263
link
2.10526
enable
0.19
bias
0.38
node
0.526315
disable
0.38
done
4
15 171 1 589 1
15 1000002 0.087998474989086 587 0
130 1000002 -0.47580132376207 588 0
171 1000002 0.087998474989086 590 1
0
0
1
26.5
170
connections
0.2631575
step
0.095
link
1.9
enable
0.210526
bias
0.421052
node
0.475
disable
0.38
done
2
22 1000001 1.9791239220552 592 1
1000004 1000004 -0.83832025473859 591 1
0
0
1
26.5
171
connections
0.2631575
step
0.105263
link
2.10526
enable
0.19
bias
0.421052
node
0.526315
disable
0.38
done
5
119 171 1 596 1
79 1000001 -1.9865479916272 593 1
170 1000003 -1.4083740373181 595 1
119 1000006 0.077212103678478 594 0
171 1000006 0.077212103678478 597 0
0
0
1
26.5
171
connections
0.2375
step
0.105263
link
1.9
enable
0.19
bias
0.421052
node
0.475
disable
0.421052
done
4
138 171 1 600 1
132 1000002 1.2723508455196 598 1
138 1000004 -1.269119172948 599 0
171 1000004 -1.269119172948 601 1
0
0
1
26.5
170
connections
0.2631575
step
0.105263
link
1.9
enable
0.210526
bias
0.38
node
0.526315
disable
0.38
done
3
24 1000003 -0.62795678089743 602 1
170 1000004 1.5784024612878 604 1
56 1000006 1.142327457267 603 1
0
0
1
26.5
170
connections
0.2631575
step
0.095
link
2.10526
enable
0.19
bias
0.421052
node
0.526315
disable
0.38
done
2
26 1000002 0.032379687778829 605 1
37 1000002 1.2133288025918 606 1
0
0
1
26.5
170
connections
0.2375
step
0.095
link
1.9
enable
0.19
bias
0.38
node
0.526315
disable
0.38
done
2
49 1000005 0.56639672562778 608 1
166 1000006 -1.6015701087199 607 1
0
0
1
26.5
171
connections
0.2631575
step
0.105263
link
2.10526
enable
0.210526
bias
0.421052
node
0.526315
disable
0.421052
done
5
27 171 1 612 1
170 1000001 -1.6202407067736 611 1
168 1000006 0.62692388455706 609 1
27 1000006 -0.18896844339975 610 0
171 1000006 -0.18896844339975 613 1
0
0
1
26.5
170
connections
0.2375
step
0.105263
link
1.9
enable
0.19
bias
0.421052
node
0.526315
disable
0.421052
done
1
53 1000003 -0.48634923737792 614 1
0
0
1
26.5
171
connections
0.2631575
step
0.095
link
2.10526
enable
0.19
bias
0.421052
node
0.475
disable
0.421052
done
4
132 171 1 617 1
68 1000001 -0.78691518809037 616 1
132 1000005 -0.86365003644659 615 0
171 1000005 -0.86365003644659 618 1
0
0
1
26.5
170
connections
0.2375
step
0.095
link
2.10526
enable
0.210526
bias
0.38
node
0.475
disable
0.38
done
2
136 1000003 -1.4879492537528 620 0
1000004 1000004 0.73857647308082 619 1
0
0
1
26.5
170
connections
0.2631575
step
0.105263
link
2.10526
enable
0.210526
bias
0.38
node
0.475
disable
0.38
done
3
170 1000003 1.1213976494602 623 1
102 1000003 -1.1739237677185 622 1
37 1000004 0.47885018143749 621 1
0
0
1
26.5
170
connections
0.2631575
step
0.105263
link
2.10526
enable
0.210526
bias
0.38
node
0.526315
disable
0.38
done
4
145 1000001 1.6549016459169 625 1
23 1000002 -0.25464071065869 624 1
133 1000005 1.173529000568 626 0
170 1000006 -1.6022964155312 627 1
0
0
1
26.5
171
connections
0.2631575
step
0.105263
link
1.9
enable
0.210526
bias
0.421052
node
0.475
disable
0.38
done
4
169 171 1 630 1
171 1000002 1.288664858457 631 1
169 1000002 1.288664858457 629 0
95 1000003 -0.69190692840698 628 1
0
0
1
26.5
171
connections
0.2375
step
0.105263
link
1.9
enable
0.210526
bias
0.421052
node
0.475
disable
0.421052
done
4
21 171 1 634 1
44 1000003 0.12923831033019 633 1
21 1000005 -0.22264694339719 632 1
171 1000005 -0.22264694339719 635 1
0
0
1
26.5
171
connections
0.2631575
step
0.095
link
2.10526
enable
0.210526
bias
0.421052
node
0.526315
disable
0.38
done
4
100 171 1 638 1
162 1000001 -1.6859812884061 637 1
100 1000004 -1.9756229370719 636 0
171 1000004 -1.9756229370719 639 1
0
0
1
26.5
171
connections
0.2631575
step
0.095
link
1.9
enable
0.19
bias
0.38
node
0.526315
disable
0.38
done
4
162 171 1 642 1
162 1000002 1.7535686007485 640 0
132 1000002 1.1029564883108 641 1
171 1000002 1.7535686007485 643 1
0
0
1
26.5
171
connections
0.2631575
step
0.105263
link
2.10526
enable
0.210526
bias
0.38
node
0.526315
disable
0.38
done
4
132 171 1 646 1
71 1000003 0.37085451668634 645 1
132 1000004 0.20834149150566 644 0
171 1000004 0.20834149150566 647 1
0
0
1
238
170
connections
0.2631575
step
0.095
link
2.10526
enable
0.210526
bias
0.421052
node
0.475
disable
0.38
done
3
170 1000002 0.27344755002924 650 1
158 1000004 -1.1897031865966 648 1
121 1000006 1.4318073463774 649 1
0
0
1
0
170
connections
0.2375
step
0.105263
link
1.9
enable
0.19
bias
0.38
node
0.526315
disable
0.38
done
2
126 1000006 1.6645443978089 651 1
1000006 1000001 -1.5009322238625 652 1
0
0
1
0
170
connections
0.2375
step
0.095
link
2.10526
enable
0.210526
bias
0.38
node
0.475
disable
0.421052
done
3
115 1000001 1.3931161832964 653 1
135 1000003 0.061304337373611 654 1
170 1000002 1.2111242968641 655 1
0
0
1
0
171
connections
0.2631575
step
0.095
link
2.10526
enable
0.19
bias
0.421052
node
0.526315
disable
0.38
done
4
120 1000004 -0.014837828471715 656 0
131 1000001 0.058492110138057 657 0
131 171 1 658 1
171 1000001 0.058492110138057 659 1
0
0
1
0
171
connections
0.2375
step
0.095
link
2.10526
enable
0.210526
bias
0.38
node
0.475
disable
0.421052
done
5
147 1000001 0.16332364183074 660 1
72 1000002 -1.5616345906452 661 0
170 1000003 -1.2720708154478 662 1
72 171 1 663 1
171 1000002 -1.5616345906452 664 1
0
0
1
0
171
connections
0.2375
step
0.095
link
1.9
enable
0.210526
bias
0.38
node
0.475
disable
0.421052
done
5
162 1000003 1.3172047414431 665 0
162 1000006 -0.37695936596811 666 1
170 1000003 0.98944431496293 667 1
162 171 1 668 1
171 1000003 1.3172047414431 669 1
0
0
1
0
170
connections
0.2631575
step
0.105263
link
2.10526
enable
0.210526
bias
0.421052
node
0.475
disable
0.38
done
2
43 1000006 1.405716871566 670 1
167 1000002 1.99452890828 671 1
0
0
1
0
170
connections
0.2631575
step
0.105263
link
1.9
enable
0.19
bias
0.38
node
0.526315
disable
0.38
done
2
138 1000006 1.0184972263027 672 1
84 1000002 1.2970271200393 673 1
0
0
1
0
171
connections
0.2631575
step
0.095
link
1.9
enable
0.210526
bias
0.421052
node
0.475
disable
0.421052
done
3
27 1000001 1.9978307019909 674 0
27 171 1 675 1
171 1000001 1.9978307019909 676 1
0
0
1
0
170
connections
0.2375
step
0.105263
link
1.9
enable
0.19
bias
0.38
node
0.526315
disable
0.421052
done
2
23 1000003 1.0844637561051 677 1
170 1000001 1.5726803166665 678 1
0
0
1
0
171
connections
0.2375
step
0.095
link
2.10526
enable
0.210526
bias
0.38
node
0.526315
disable
0.38
done
4
167 1000002 -1.929357090932 679 0
165 1000003 -1.4577661768802 680 1
167 171 1 681 1
171 1000002 -1.929357090932 682 1
0
0
1
0
171
connections
0.2631575
step
0.105263
link
1.9
enable
0.210526
bias
0.38
node
0.475
disable
0.421052
done
5
161 1000006 1.0168712134552 683 0
13 1000005 -0.91851929152315 684 1
170 1000004 -1.9514723606182 685 0
170 171 1 686 1
171 1000004 -1.9514723606182 687 1
0
0
1
0
170
connections
0.2631575
step
0.095
link
1.9
enable
0.210526
bias
0.421052
node
0.526315
disable
0.421052
done
1
79 1000006 0.60451160865115 688 1
0
0
1
0
170
connections
0.2375
step
0.105263
link
2.10526
enable
0.210526
bias
0.421052
node
0.475
disable
0.38
done
2
81 1000003 -1.5442049706095 689 1
7 1000002 -1.9941025637063 690 0
0
0
1
0
170
connections
0.2375
step
0.105263
link
2.10526
enable
0.19
bias
0.38
node
0.475
disable
0.421052
done
4
24 1000006 1.7451495359396 691 1
156 1000003 -1.139935386898 692 1
45 1000002 -1.8415797240294 693 1
170 1000003 -1.7535533326462 694 1
0
0
1
0
171
connections
0.2631575
step
0.105263
link
2.10526
enable
0.19
bias
0.38
node
0.475
disable
0.421052
done
4
23 1000006 1.3729677514047 695 0
13 1000002 -1.3588775132591 696 1
23 171 1 697 1
171 1000006 1.3729677514047 698 1
0
0
1
0
170
connections
0.2631575
step
0.105263
link
2.10526
enable
0.210526
bias
0.421052
node
0.526315
disable
0.38
done
2
106 1000006 1.8774841613497 699 1
3 1000003 0.51742822049066 700 1
0
0
1
0
171
connections
0.2631575
step
0.095
link
1.9
enable
0.19
bias
0.38
node
0.526315
disable
0.38
done
5
158 1000005 -0.5022059187769 701 0
34 1000004 0.7936564939067 702 1
170 1000003 1.5012407654436 703 1
158 171 1 704 1
171 1000005 -0.5022059187769 705 1
0
0
1
0
171
connections
0.2375
step
0.095
link
2.10526
enable
0.210526
bias
0.38
node
0.526315
disable
0.38
done
4
53 1000004 -0.79100008625118 706 0
107 1000006 1.2934301101106 707 1
53 171 1 708 1
171 1000004 -0.79100008625118 709 1
0
0
1
0
170
connections
0.2631575
step
0.095
link
2.10526
enable
0.19
bias
0.421052
node
0.475
disable
0.38
done
3
50 1000006 -0.5157160733434 710 1
16 1000003 -1.8264889232006 711 0
170 1000001 -0.31129180188817 712 1
0
0
1
0
171
connections
0.2375
step
0.105263
link
2.10526
enable
0.210526
bias
0.421052
node
0.526315
disable
0.421052
done
5
138 1000002 -1.3099257365381 713 1
80 1000006 -1.1147163357189 714 1
170 1000005 -0.30413006912178 715 0
170 171 1 716 1
171 1000005 -0.30413006912178 717 1
0
0
1
0
170
connections
0.2375
step
0.105263
link
1.9
enable
0.19
bias
0.38
node
0.475
disable
0.421052
done
1
52 1000003 -1.9868386182873 718 1
0
0
1
0
170
connections
0.2375
step
0.105263
link
1.9
enable
0.210526
bias
0.421052
node
0.526315
disable
0.38
done
3
116 1000001 1.548261068551 719 1
161 1000006 -1.3360320270695 720 1
170 1000005 -0.03882073333432 721 1
0
0
1
0
170
connections
0.2631575
step
0.105263
link
2.10526
enable
0.210526
bias
0.421052
node
0.475
disable
0.421052
done
3
65 1000006 -0.47614739205509 722 1
87 1000005 -0.29354193168392 723 1
170 1000005 -0.12412906537025 724 1
0
0
1
0
171
connections
0.2631575
step
0.105263
link
1.9
enable
0.19
bias
0.38
node
0.526315
disable
0.421052
done
4
44 1000006 1.2284764904661 725 0
95 1000001 -1.6998764982912 726 1
44 171 1 727 1
171 1000006 1.2284764904661 728 1
0
0
1
0
171
connections
0.2375
step
0.105263
link
1.9
enable
0.19
bias
0.38
node
0.475
disable
0.421052
done
4
78 1000002 -1.4520235245358 729 0
1000004 1000004 0.24965085380229 730 0
78 171 1 731 1
171 1000002 -1.4520235245358 732 1
0
0
1
0
170
connections
0.2631575
step
0.105263
link
2.10526
enable
0.210526
bias
0.421052
node
0.475
disable
0.38
done
2
33 1000001 -0.85851191489888 733 0
154 1000004 -0.68527588000767 734 1
0
0
1
0
171
connections
0.2631575
step
0.095
link
2.10526
enable
0.19
bias
0.421052
node
0.475
disable
0.38
done
5
166 1000005 -0.34297705737081 735 1
32 1000001 0.84669370895563 736 0
46 1000006 -0.056738424141304 737 1
32 171 1 738 1
171 1000001 0.84669370895563 739 1
0
0
1
0
170
connections
0.2375
step
0.105263
link
2.10526
enable
0.19
bias
0.421052
node
0.526315
disable
0.421052
done
3
36 1000002 -1.2529502190896 740 1
93 1000006 -0.017049298629653 741 1
50 1000003 -1.0031022406198 742 1
0
0
1
0
171
connections
0.2631575
step
0.105263
link
2.10526
enable
0.19
bias
0.38
node
0.475
disable
0.421052
done
4
67 1000001 1.719217207152 743 0
51 1000003 -1.8320595341884 744 1
67 171 1 745 0
171 1000001 1.719217207152 746 1
0
0
1
0
170
connections
0.2375
step
0.095
link
2.10526
enable
0.210526
bias
0.38
node
0.475
disable
0.421052
done
2
104 1000005 -0.98548681055451 747 1
3 1000003 -1.4819305071057 748 1
0
0
1
0
171
connections
0.2631575
step
0.095
link
2.10526
enable
0.19
bias
0.421052
node
0.475
disable
0.38
done
4
1000001 1000001 -0.046773933827306 749 0
1000005 1000005 -1.7937402128213 750 1
1000001 171 1 751 1
171 1000001 -0.046773933827306 752 1
0
0
1
0
170
connections
0.2375
step
0.095
link
2.10526
enable
0.19
bias
0.38
node
0.475
disable
0.421052
done
2
137 1000002 0.34125196297711 753 0
94 1000005 0.46629574823486 754 1
0
0
1
0
170
connections
0.2375
step
0.105263
link
1.9
enable
0.210526
bias
0.38
node
0.475
disable
0.38
done
3
66 1000003 -0.18816480701238 755 1
96 1000005 -0.081151359752357 756 0
170 1000004 1.2098407182888 757 1
0
0
1
0
170
connections
0.2375
step
0.105263
link
1.9
enable
0.210526
bias
0.38
node
0.475
disable
0.421052
done
2
22 1000006 0.64760813240316 758 0
27 1000001 -0.11702892096575 759 1
0
0
1
0
171
connections
0.2375
step
0.105263
link
1.9
enable
0.210526
bias
0.421052
node
0.526315
disable
0.421052
done
4
20 1000001 -1.0198552864696 760 1
1000006 1000004 0.87752781383578 761 0
1000006 171 1 762 0
171 1000004 0.87752781383578 763 1
0
0
1
0
170
connections
0.2631575
step
0.095
link
2.10526
enable
0.19
bias
0.421052
node
0.475
disable
0.421052
done
2
67 1000005 0.69383701807532 764 0
82 1000005 0.9335248167317 765 1
0
0
1
0
170
connections
0.2375
step
0.095
link
2.10526
enable
0.210526
bias
0.421052
node
0.526315
disable
0.421052
done
3
91 1000003 -0.52377314424318 766 1
1000002 1000006 -0.042641405967363 767 1
170 1000005 -1.7783987595599 768 1
0
0
1
0
171
connections
0.2631575
step
0.105263
link
2.10526
enable
0.210526
bias
0.421052
node
0.526315
disable
0.421052
done
4
106 1000006 1.3345100522668 769 0
168 1000002 1.0452840212012 770 1
106 171 1 771 1
171 1000006 1.3345100522668 772 1
0
0
1
0
171
connections
0.2375
step
0.105263
link
1.9
enable
0.19
bias
0.38
node
0.475
disable
0.38
done
5
11 1000003 0.79796528573985 773 1
9 1000001 -0.65518018726966 774 1
170 1000006 -1.7334055843453 775 0
11 171 1 776 1
171 1000003 0.79796528573985 777 1
0
0
1
0
171
connections
0.2631575
step
0.095
link
1.9
enable
0.210526
bias
0.38
node
0.526315
disable
0.421052
done
4
160 1000003 0.75421736145123 778 0
20 1000002 -0.35888308210246 779 1
160 171 1 780 1
171 1000003 0.75421736145123 781 1
0
0
1
0
170
connections
0.2631575
step
0.105263
link
2.10526
enable
0.210526
bias
0.38
node
0.526315
disable
0.421052
done
3
18 1000001 -0.95860553484345 782 1
22 1000001 0.28076611565462 783 0
170 1000005 -1.833370437768 784 1
0
0
1
0
170
connections
0.2375
step
0.105263
link
2.10526
enable
0.210526
bias
0.38
node
0.475
disable
0.38
done
3
149 1000001 -1.9674062337575 785 1
135 1000003 0.23181051119781 786 1
170 1000004 1.1112964540307 787 1
0
0
1
0
170
connections
0.2631575
step
0.105263
link
2.10526
enable
0.19
bias
0.38
node
0.475
disable
0.421052
done
2
53 1000001 -1.2735195380047 788 1
109 1000004 1.0603604871129 789 0
0
0
1
0
170
connections
0.2375
step
0.095
link
1.9
enable
0.210526
bias
0.421052
node
0.526315
disable
0.38
done
3
1000004 1000003 0.37709418422407 790 0
92 1000005 1.1663838658325 791 1
170 1000003 0.093860642096894 792 1
0
0
1
0
171
connections
0.2631575
step
0.105263
link
2.10526
enable
0.19
bias
0.421052
node
0.526315
disable
0.38
done
5
55 1000005 -1.1720315586645 793 1
1000003 1000006 1.8398597258329 794 1
170 1000003 0.1045431839789 795 0
170 171 1 796 1
171 1000003 0.1045431839789 797 1
0
0
1
0
170
connections
0.2375
step
0.095
link
1.9
enable
0.210526
bias
0.38
node
0.475
disable
0.38
done
1
133 1000001 -1.5914684960579 798 0
0
0
1
0
171
connections
0.2375
step
0.095
link
2.10526
enable
0.19
bias
0.38
node
0.526315
disable
0.421052
done
3
24 1000003 1.4332115945561 799 0
24 171 1 800 1
171 1000003 1.4332115945561 801 0
0
0
1
0
170
connections
0.2375
step
0.105263
link
1.9
enable
0.19
bias
0.38
node
0.526315
disable
0.38
done
2
134 1000005 -1.7313856015594 802 1
91 1000002 -1.3727421459615 803 1
0
0
1
0
171
connections
0.2631575
step
0.095
link
2.10526
enable
0.210526
bias
0.421052
node
0.526315
disable
0.38
done
4
106 1000004 -0.37210632784856 804 0
58 1000001 1.0376243959356 805 1
106 171 1 806 1
171 1000004 -0.37210632784856 807 1
0
0
1
0
171
connections
0.2375
step
0.105263
link
1.9
enable
0.19
bias
0.421052
node
0.526315
disable
0.38
done
5
140 1000004 0.32081119824239 808 1
144 1000001 1.3388610572269 809 1
170 1000001 -0.25315778993683 810 0
170 171 1 811 1
171 1000001 -0.25315778993683 812 1
0
0
1
0
170
connections
0.2631575
step
0.105263
link
1.9
enable
0.210526
bias
0.38
node
0.526315
disable
0.421052
done
2
124 1000002 -0.027692831134281 813 1
138 1000005 -1.0156270093357 814 0
0
0
1
0
170
connections
0.2375
step
0.095
link
2.10526
enable
0.19
bias
0.38
node
0.475
disable
0.38
done
2
140 1000006 1.4500441436889 815 0
135 1000006 -1.6250307409209 816 1
0
0
1
0
171
connections
0.2631575
step
0.095
link
2.10526
enable
0.210526
bias
0.421052
node
0.526315
disable
0.421052
done
5
162 1000002 0.16121492262986 817 0
50 1000006 -1.4808534828391 818 1
170 1000005 1.6333028840056 819 1
162 171 1 820 0
171 1000002 0.16121492262986 821 1
0
0
1
0
171
connections
0.2375
step
0.105263
link
2.10526
enable
0.210526
bias
0.38
node
0.475
disable
0.421052
done
4
68 1000002 0.10408385941018 822 1
76 1000001 -1.8879176061079 823 0
76 171 1 824 1
171 1000001 -1.8879176061079 825 1
0
0
1
0
170
connections
0.2631575
step
0.095
link
1.9
enable
0.210526
bias
0.421052
node
0.526315
disable
0.421052
done
2
25 1000005 1.7035087252518 826 1
140 1000003 0.33893808645147 827 1
0
0
1
0
171
connections
0.2375
step
0.095
link
1.9
enable
0.210526
bias
0.38
node
0.475
disable
0.38
done
4
146 1000001 1.2027160353971 828 1
155 1000005 1.3052238017811 829 1
155 171 1 830 1
171 1000005 1.3052238017811 831 0
0
0
1
0
171
connections
0.2375
step
0.095
link
2.10526
enable
0.210526
bias
0.421052
node
0.526315
disable
0.421052
done
5
6 1000001 -0.84627348875919 832 1
81 1000005 0.89392295800798 833 1
170 1000003 0.74744263605561 834 0
170 171 1 835 1
171 1000003 0.74744263605561 836 1
0
0
1
0
170
connections
0.2375
step
0.095
link
2.10526
enable
0.210526
bias
0.38
node
0.526315
disable
0.421052
done
3
147 1000004 0.29081434304398 837 1
109 1000006 0.94043516877128 838 1
44 1000006 0.13844913716356 839 0
0
0
1
0
170
connections
0.2375
step
0.105263
link
2.10526
enable
0.210526
bias
0.38
node
0.475
disable
0.421052
done
3
89 1000006 1.4501041096868 840 1
41 1000005 -0.97641265903433 841 0
170 1000003 -1.8356066159138 842 1
0
0
1
0
171
connections
0.2631575
step
0.095
link
1.9
enable
0.210526
bias
0.38
node
0.475
disable
0.421052
done
5
54 1000002 -0.086308342444854 843 1
50 1000002 0.82186944541608 844 0
170 1000003 -0.49088106606662 845 0
50 171 1 846 1
171 1000002 0.82186944541608 847 1
0
0
1
0
170
connections
0.2631575
step
0.095
link
1.9
enable
0.210526
bias
0.38
node
0.526315
disable
0.421052
done
2
17 1000006 -1.3073208030813 848 0
45 1000003 1.7020388989253 849 1
0
0
1
0
170
connections
0.2631575
step
0.095
link
2.10526
enable
0.210526
bias
0.421052
node
0.526315
disable
0.38
done
3
123 1000001 -1.0812885384454 850 1
64 1000002 -0.30301684620931 851 1
170 1000003 -1.0624616029963 852 1
0
0
1
0
170
connections
0.2631575
step
0.105263
link
1.9
enable
0.19
bias
0.421052
node
0.526315
disable
0.421052
done
2
101 1000005 1.9043489004971 853 0
153 1000005 0.10769574256041 854 1
0
0
1
0
171
connections
0.2375
step
0.105263
link
1.9
enable
0.210526
bias
0.38
node
0.475
disable
0.421052
done
3
81 1000005 0.31093994076873 855 0
81 171 1 856 1
171 1000005 0.31093994076873 857 1
0
0
1
0
170
connections
0.2631575
step
0.095
link
1.9
enable
0.210526
bias
0.421052
node
0.475
disable
0.38
done
3
73 1000003 -1.6683336252665 858 1
82 1000002 -1.7271600811403 859 1
170 1000001 -1.3295474291451 860 1
0
0
1
0
171
connections
0.2375
step
0.105263
link
2.10526
enable
0.19
bias
0.38
node
0.475
disable
0.421052
done
4
41 1000001 1.8494957964167 861 1
119 1000001 -1.1795390356237 862 0
119 171 1 863 1
171 1000001 -1.1795390356237 864 1
0
0
1
0
170
connections
0.2375
step
0.105263
link
2.10526
enable
0.19
bias
0.38
node
0.475
disable
0.38
done
2
76 1000001 -1.1138650510059 865 1
120 1000001 0.84128769805715 866 1
0
0
1
0
170
connections
0.2631575
step
0.105263
link
2.10526
enable
0.19
bias
0.38
node
0.526315
disable
0.38
done
3
1000005 1000004 1.6021577900286 867 1
100 1000006 1.6022283433016 868 1
170 1000003 1.0892242840907 869 1
0
0
1
0
170
connections
0.2375
step
0.105263
link
1.9
enable
0.210526
bias
0.38
node
0.475
disable
0.38
done
2
57 1000001 0.93523118595371 870 1
135 1000005 -0.7350138028781 871 1
0
0
1
0
170
connections
0.2375
step
0.095
link
2.10526
enable
0.19
bias
0.421052
node
0.475
disable
0.38
done
3
1000006 1000002 -1.5418895182861 872 1
170 1000006 1.9672341141697 873 1
170 1000002 0.71200204394385 874 1
0
0
1
0
170
connections
0.2631575
step
0.095
link
1.9
enable
0.19
bias
0.38
node
0.475
disable
0.421052
done
2
76 1000005 1.6485295033308 875 1
130 1000004 -0.5676053886151 876 0
0
0
1
0
170
connections
0.2375
step
0.095
link
1.9
enable
0.210526
bias
0.421052
node
0.475
disable
0.38
done
3
33 1000006 1.3613962583995 877 1
49 1000006 -0.11524513462337 878 0
170 1000006 0.48453140560749 879 1
0
0
1
0
170
connections
0.2631575
step
0.095
link
1.9
enable
0.210526
bias
0.421052
node
0.526315
disable
0.421052
done
2
23 1000004 -0.16300471227756 880 0
112 1000006 1.7235589156503 881 1
0
0
1
0
170
connections
0.2631575
step
0.105263
link
1.9
enable
0.210526
bias
0.38
node
0.526315
disable
0.421052
done
2
93 1000003 0.024500747222687 882 1
10 1000001 0.039748177882167 883 1
0
0
1
0
170
connections
0.2375
step
0.105263
link
1.9
enable
0.210526
bias
0.421052
node
0.475
disable
0.38
done
2
88 1000005 0.36825684940827 884 1
156 1000005 -0.46701160560689 885 1
0
0
1
0
170
connections
0.2375
step
0.105263
link
1.9
enable
0.210526
bias
0.421052
node
0.526315
disable
0.38
done
2
138 1000005 0.53007578967608 886 1
145 1000004 -0.77572257946046 887 1
0
0
1
0
170
connections
0.2375
step
0.095
link
2.10526
enable
0.19
bias
0.38
node
0.475
disable
0.421052
done
3
30 1000006 0.3936511214793 888 1
39 1000001 0.39982532449058 889 0
160 1000004 0.49006353434644 890 1
0
0
1
0
171
connections
0.2631575
step
0.105263
link
2.10526
enable
0.19
bias
0.38
node
0.526315
disable
0.421052
done
5
132 1000003 -1.3749232605914 891 1
38 1000002 0.16755274225378 892 0
170 1000001 1.3739187081223 893 1
38 171 1 894 1
171 1000002 0.16755274225378 895 0
0
0
1
0
170
connections
0.2375
step
0.105263
link
1.9
enable
0.210526
bias
0.421052
node
0.526315
disable
0.38
done
2
139 1000005 0.10261926525394 896 1
124 1000004 1.0242179199235 897 1
0
0
1
0
171
connections
0.2375
step
0.095
link
2.10526
enable
0.210526
bias
0.38
node
0.526315
disable
0.421052
done
5
139 1000002 1.9482143912223 898 0
165 1000002 -0.74817976856054 899 1
170 1000002 1.5240656824429 900 1
139 171 1 901 1
171 1000002 1.9482143912223 902 1
0
0
1
0
171
connections
0.2375
step
0.095
link
2.10526
enable
0.19
bias
0.38
node
0.475
disable
0.38
done
4
163 1000002 -1.8760579414089 903 0
89 1000005 -0.81745988448032 904 1
163 171 1 905 1
171 1000002 -1.8760579414089 906 0
0
0
1
0
171
connections
0.2375
step
0.105263
link
2.10526
enable
0.19
bias
0.421052
node
0.526315
disable
0.421052
done
4
8 1000001 -0.35131440607426 907 1
125 1000002 0.37032538576532 908 1
125 171 1 909 1
171 1000002 0.37032538576532 910 1
0
0
1
0
170
connections
0.2375
step
0.095
link
1.9
enable
0.210526
bias
0.38
node
0.475
disable
0.421052
done
2
124 1000005 -1.6786325814569 911 0
65 1000006 -0.49173529375891 912 1
0
0
1
0
171
connections
0.2631575
step
0.105263
link
2.10526
enable
0.19
bias
0.38
node
0.475
disable
0.38
done
5
170 1000003 1.9986657369876 913 0
111 1000004 -0.037372601235925 914 1
170 1000004 1.5112115012068 915 0
170 171 1 916 1
171 1000004 1.5112115012068 917 1
0
0
1
0
170
connections
0.2631575
step
0.095
link
1.9
enable
0.210526
bias
0.38
node
0.526315
disable
0.421052
done
3
31 1000004 -0.46713698397723 918 1
21 1000001 1.6418822834463 919 1
170 1000005 -0.6618211002377 920 1
0
0
1
0
171
connections
0.2375
step
0.095
link
1.9
enable
0.210526
bias
0.38
node
0.526315
disable
0.421052
done
4
170 1000004 0.15641501273793 921 1
149 1000004 -0.59526476012322 922 1
149 171 1 923 1
171 1000004 -0.59526476012322 924 1
0
0
1
0
170
connections
0.2631575
step
0.095
link
2.10526
enable
0.210526
bias
0.421052
node
0.475
disable
0.421052
done
2
19 1000006 -1.2083557002285 925 1
13 1000006 0.089419190813517 926 0
0
0
1
0
170
connections
0.2631575
step
0.095
link
1.9
enable
0.19
bias
0.421052
node
0.526315
disable
0.421052
done
2
19 1000003 -1.810318458737 927 1
146 1000003 1.8564719724732 928 1
0
0
1
0
170
connections
0.2375
step
0.105263
link
2.10526
enable
0.210526
bias
0.38
node
0.526315
disable
0.421052
done
3
109 1000005 -1.0279599405024 929 1
114 1000005 0.90061871097452 930 1
170 1000005 -0.92444590242787 931 0
0
0
1
0
171
connections
0.2631575
step
0.095
link
1.9
enable
0.210526
bias
0.38
node
0.526315
disable
0.421052
done
4
114 1000001 -0.46886015425849 932 1
35 1000003 1.1545459624168 933 0
35 171 1 934 1
171 1000003 1.1545459624168 935 1
0
0
1
0
170
connections
0.2375
step
0.105263
link
1.9
enable
0.19
bias
0.38
node
0.475
disable
0.38
done
2
138 1000005 -1.9607323091294 936 1
42 1000001 1.3191898517866 937 1
0
0
1
0
171
connections
0.2631575
step
0.105263
link
2.10526
enable
0.19
bias
0.421052
node
0.526315
disable
0.421052
done
4
44 1000006 0.89516493440381 938 0
3 1000006 -1.4217275546034 939 1
44 171 1 940 1
171 1000006 0.89516493440381 941 1
0
0
1
0
171
connections
0.2375
step
0.105263
link
2.10526
enable
0.19
bias
0.421052
node
0.526315
disable
0.421052
done
4
166 1000001 -1.8709528650488 942 0
29 1000005 1.8182551990348 943 0
166 171 1 944 1
171 1000001 -1.8709528650488 945 1
0
0
1
0
171
connections
0.2375
step
0.095
link
1.9
enable
0.19
bias
0.38
node
0.526315
disable
0.38
done
4
5 1000002 -1.5588706766995 946 0
90 1000003 0.16532008078197 947 0
5 171 1 948 1
171 1000002 -1.5588706766995 949 1
0
0
1
0
171
connections
0.2375
step
0.095
link
1.9
enable
0.19
bias
0.38
node
0.475
disable
0.421052
done
4
27 1000005 -1.9141607470411 950 1
159 1000005 1.2120146449711 951 0
159 171 1 952 0
171 1000005 1.2120146449711 953 1
0
0
1
0
170
connections
0.2375
step
0.095
link
1.9
enable
0.210526
bias
0.38
node
0.475
disable
0.421052
done
3
16 1000002 0.38905338867989 954 1
1000004 1000003 1.9493992440167 955 1
170 1000003 -1.9388258047117 956 1
0
0
1
0
170
connections
0.2375
step
0.105263
link
2.10526
enable
0.19
bias
0.38
node
0.475
disable
0.421052
done
2
26 1000006 -1.5914355924313 957 1
1000003 1000002 -1.0872659921121 958 0
0
0
1
0
171
connections
0.2631575
step
0.095
link
1.9
enable
0.19
bias
0.38
node
0.475
disable
0.38
done
4
37 1000005 1.5796920301298 959 0
161 1000003 -0.74646957905333 960 1
37 171 1 961 1
171 1000005 1.5796920301298 962 1
0
0
1
0
170
connections
0.2375
step
0.105263
link
1.9
enable
0.19
bias
0.421052
node
0.475
disable
0.38
done
2
22 1000005 -0.031325164265616 963 0
1000003 1000002 0.67097615016204 964 1
0
0
1
0
171
connections
0.2631575
step
0.105263
link
1.9
enable
0.210526
bias
0.38
node
0.475
disable
0.38
done
3
127 1000005 -0.48157959174438 965 1
127 171 1 966 1
171 1000005 -0.48157959174438 967 1
0
0
1
0
170
connections
0.2375
step
0.095
link
2.10526
enable
0.210526
bias
0.38
node
0.526315
disable
0.38
done
3
42 1000005 1.7803505695333 968 1
78 1000004 1.4890734495079 969 1
170 1000003 1.9831166881989 970 0
0
0
1
0
170
connections
0.2631575
step
0.105263
link
2.10526
enable
0.210526
bias
0.421052
node
0.475
disable
0.38
done
2
1000003 1000001 -0.98050590370805 971 0
159 1000006 0.30175808179274 972 1
0
0
1
0
170
connections
0.2631575
step
0.095
link
2.10526
enable
0.210526
bias
0.38
node
0.475
disable
0.38
done
3
38 1000004 -1.0416314187654 973 0
145 1000002 -0.30456293481615 974 1
170 1000004 -0.13095898466695 975 1
0
0
1
0
170
connections
0.2631575
step
0.095
link
2.10526
enable
0.210526
bias
0.38
node
0.475
disable
0.38
done
2
165 1000005 -0.84660262747044 976 1
48 1000005 0.44198588581848 977 1
0
0
1
0
170
connections
0.2375
step
0.095
link
2.10526
enable
0.210526
bias
0.421052
node
0.475
disable
0.38
done
3
110 1000001 0.31341286856374 978 1
36 1000002 1.2741480205553 979 1
170 1000001 0.63991139393296 980 1
0
0
1
0
170
connections
0.2631575
step
0.095
link
1.9
enable
0.19
bias
0.38
node
0.526315
disable
0.421052
done
2
90 1000006 0.12507830286635 981 1
49 1000004 -1.2871655334193 982 0
0
0
1
0
170
connections
0.2375
step
0.095
link
1.9
enable
0.19
bias
0.421052
node
0.526315
disable
0.38
done
2
9 1000001 1.9800321031269 983 1
127 1000004 -0.71660541310748 984 0
0
0
1
0
170
connections
0.2631575
step
0.105263
link
2.10526
enable
0.19
bias
0.421052
node
0.526315
disable
0.421052
done
3
138 1000003 -0.82621615697919 985 1
94 1000004 1.8666533212488 986 1
170 1000002 0.18655384247496 987 0
0
0
1
0
170
connections
0.2631575
step
0.105263
link
1.9
enable
0.210526
bias
0.421052
node
0.526315
disable
0.421052
done
3
152 1000001 -1.0480954083838 988 1
8 1000004 -0.017893184916067 989 1
170 1000002 0.58426355318365 990 0
0
0
1
0
171
connections
0.2375
step
0.095
link
1.9
enable
0.210526
bias
0.38
node
0.526315
disable
0.38
done
5
130 1000005 -0.69563500336168 991 1
60 1000006 -1.7318174763265 992 0
170 1000004 1.6554394679402 993 1
60 171 1 994 1
171 1000006 -1.7318174763265 995 1
0
0
1
0
170
connections
0.2375
step
0.095
link
1.9
enable
0.19
bias
0.421052
node
0.475
disable
0.421052
done
2
84 1000005 0.15825363162824 996 0
21 1000004 1.0105466987055 997 1
0
0
1
0
171
connections
0.2631575
step
0.095
link
1.9
enable
0.19
bias
0.421052
node
0.475
disable
0.38
done
4
141 1000005 1.3124751799332 998 1
111 1000005 -1.3750242327224 999 0
141 171 1 1000 1
171 1000005 1.3124751799332 1001 1
0
0
1
0
171
connections
0.2375
step
0.095
link
1.9
enable
0.19
bias
0.38
node
0.475
disable
0.38
done
4
149 1000006 -1.1883595880067 1002 0
32 1000005 1.7077376021574 1003 0
32 171 1 1004 1
171 1000005 1.7077376021574 1005 1
0
0
1
0
171
connections
0.2375
step
0.095
link
2.10526
enable
0.210526
bias
0.421052
node
0.526315
disable
0.421052
done
4
12 1000004 -1.0616076193105 1006 1
71 1000001 0.21090146070854 1007 0
71 171 1 1008 1
171 1000001 0.21090146070854 1009 1
0
0
1
0
170
connections
0.2631575
step
0.095
link
2.10526
enable
0.210526
bias
0.421052
node
0.475
disable
0.421052
done
3
144 1000004 -0.78383075016729 1010 1
35 1000003 -0.31039514686465 1011 1
57 1000001 -0.74219595582327 1012 1
0
0
1
0
171
connections
0.2375
step
0.105263
link
1.9
enable
0.210526
bias
0.38
node
0.475
disable
0.421052
done
5
80 1000002 1.8445406704417 1013 1
54 1000006 -0.36766835971161 1014 1
170 1000002 0.75986784080037 1015 1
170 171 1 1016 0
171 1000002 0.75986784080037 1017 1
0
0
1
0
171
connections
0.2631575
step
0.105263
link
1.9
enable
0.210526
bias
0.421052
node
0.475
disable
0.38
done
5
41 1000003 0.082900916264812 1018 1
64 1000006 -1.8467296230824 1019 0
170 1000001 -1.2091319594575 1020 1
64 171 1 1021 1
171 1000006 -1.8467296230824 1022 1
0
0
1
0
170
connections
0.2375
step
0.105263
link
2.10526
enable
0.19
bias
0.38
node
0.475
disable
0.421052
done
2
16 1000005 -0.36480858473331 1023 1
106 1000001 -0.15680145200193 1024 1
