2
244
204
27
1
1
27
170
connections
0.2375
step
0.105263
link
2.10526
enable
0.210526
bias
0.421052
node
0.526315
disable
0.421052
done
2
153 1000001 -0.91472669454046 8 0
127 1000004 -1.8080726265014 7 1
37
1
3
37
171
connections
0.2375
step
0.095
link
1.9
enable
0.210526
bias
0.421052
node
0.526315
disable
0.421052
done
5
159 171 1 12 1
159 1000003 -1.4712474846613 10 0
171 1000003 -1.4712474846613 13 1
170 1000006 0.49788340483694 11 1
107 1000006 -1.4974454117461 9 1
0
171
connections
0.225625
step
0.095
link
1.999997
enable
0.1999997
bias
0.44321196676
node
0.49999925
disable
0.3999994
done
8
159 171 1 12 1
159 1000003 -1.4712474846613 10 1
171 1000003 -1.4712474846613 13 1
170 1000006 0.49788340483694 11 1
107 1000006 -1.4974454117461 9 1
102 1000002 0.46308101828354 1500 1
25 171 -1.515672102345 1501 1
170 1000004 0.21258873409246 1502 1
0
172
connections
0.225625
step
0.09025
link
1.999997
enable
0.22160598338
bias
0.44321196676
node
0.55401495845
disable
0.3999994
done
9
159 171 1 12 1
159 1000003 -1.4712474846613 10 0
171 1000003 -1.4712474846613 13 0
170 1000006 0.49788340483694 11 1
107 1000006 -1.4974454117461 9 1
62 1000004 0.31647277917549 1956 1
170 1000001 -0.59157275901715 1957 1
170 172 1 1958 1
172 1000006 0.49788340483694 1959 1
26.5
1
1
26.5
170
connections
0.2631575
step
0.095
link
1.9
enable
0.210526
bias
0.38
node
0.526315
disable
0.38
done
2
152 1000002 -0.86713135189709 15 1
115 1000004 0.48456552926664 14 1
26.5
1
3
26.5
171
connections
0.2631575
step
0.095
link
1.9
enable
0.210526
bias
0.38
node
0.526315
disable
0.421052
done
4
9 171 1 18 1
9 1000003 -1.3183251038745 16 0
171 1000003 -1.3183251038745 19 1
63 1000006 -0.45026778916375 17 1
0
172
connections
0.277007479225
step
0.09025
link
1.805
enable
0.22160598338
bias
0.3999994
node
0.55401495845
disable
0.3999994
done
6
9 171 1 18 1
9 1000003 -1.3183251038745 16 1
171 1000003 -1.3183251038745 19 1
63 1000006 -0.45026778916375 17 1
25 171 -0.72651074022358 1824 0
167 1000005 -0.89826692962007 1825 1
0
172
connections
0.277007479225
step
0.09025
link
1.805
enable
0.1999997
bias
0.3999994
node
0.55401495845
disable
0.44321196676
done
6
9 171 0.991479246694 18 1
9 1000003 -1.2867389862523 16 0
171 1000003 -1.3060272904266 19 1
63 1000006 -0.43992463480829 17 1
33 1000001 -1.7506490031959 1846 1
137 1000004 1.1819930426693 1847 1
26.5
1
2
26.5
171
connections
0.2375
step
0.095
link
2.10526
enable
0.19
bias
0.38
node
0.475
disable
0.421052
done
4
62 171 1 22 1
120 1000001 1.9237821418437 20 0
62 1000001 0.71272439449687 21 0
171 1000001 0.71272439449687 23 1
0
171
connections
0.249999625
step
0.105263
link
2.2160598338
enable
0.1805
bias
0.3999994
node
0.45125
disable
0.3999994
done
7
62 171 1 22 1
120 1000001 1.9237821418437 20 0
62 1000001 0.71272439449687 21 0
171 1000001 0.71272439449687 23 1
121 1000006 -0.95998234998434 1929 1
93 1000006 0.64316722501217 1930 1
90 1000002 -1.8234456944389 1931 1
26.5
1
1
26.5
170
connections
0.2375
step
0.095
link
1.9
enable
0.19
bias
0.38
node
0.526315
disable
0.421052
done
2
49 1000002 -1.2071234002743 24 0
150 1000006 -1.0420834641168 25 1
26.5
1
1
26.5
170
connections
0.2375
step
0.105263
link
1.9
enable
0.210526
bias
0.421052
node
0.475
disable
0.421052
done
2
13 1000005 1.5271430069241 27 1
163 1000006 0.017432355330061 26 0
26.5
1
1
26.5
171
connections
0.2375
step
0.105263
link
1.9
enable
0.210526
bias
0.421052
node
0.475
disable
0.421052
done
3
163 171 1 29 1
163 1000005 0.67495853019643 28 0
171 1000005 0.67495853019643 30 0
26.5
1
1
26.5
170
connections
0.2375
step
0.105263
link
1.9
enable
0.210526
bias
0.38
node
0.526315
disable
0.421052
done
2
60 1000004 -0.31566870692916 31 1
158 1000005 -0.84641906192825 32 0
26.5
1
1
26.5
171
connections
0.2631575
step
0.105263
link
2.10526
enable
0.210526
bias
0.38
node
0.526315
disable
0.421052
done
4
121 171 1 35 1
61 1000003 1.5861717926274 33 1
121 1000006 -1.9337983876158 34 1
171 1000006 -1.9337983876158 36 1
26.5
1
1
26.5
171
connections
0.2375
step
0.095
link
1.9
enable
0.210526
bias
0.38
node
0.475
disable
0.38
done
5
170 171 1 40 1
76 1000001 -1.0860005724644 38 1
171 1000004 -0.91504599476002 41 1
170 1000004 -0.91504599476002 39 1
14 1000005 0.12014894472442 37 0
26.5
1
1
26.5
171
connections
0.2375
step
0.105263
link
1.9
enable
0.210526
bias
0.421052
node
0.475
disable
0.38
done
5
102 171 1 45 1
31 1000002 -1.0010121255186 42 1
170 1000003 -0.081692726389362 44 1
102 1000004 0.67197534752636 43 1
171 1000004 0.67197534752636 46 1
26.5
1
1
26.5
170
connections
0.2375
step
0.095
link
2.10526
enable
0.19
bias
0.38
node
0.475
disable
0.421052
done
2
98 1000002 0.046521651580241 47 1
80 1000005 1.0764314378968 48 0
26.5
1
1
26.5
171
connections
0.2631575
step
0.105263
link
2.10526
enable
0.19
bias
0.38
node
0.475
disable
0.421052
done
5
152 171 1 52 1
19 1000001 0.96379860628573 51 1
152 1000005 1.3323916827014 49 0
171 1000005 1.3323916827014 53 1
167 1000006 1.4153059550632 50 1
26.5
1
1
26.5
171
connections
0.2375
step
0.095
link
2.10526
enable
0.19
bias
0.38
node
0.475
disable
0.38
done
5
100 171 1 57 1
88 1000003 -1.9049225598131 55 1
100 1000004 -1.4368492865175 54 0
155 1000004 1.954898904988 56 1
171 1000004 -1.4368492865175 58 1
26.5
1
1
26.5
170
connections
0.2631575
step
0.095
link
2.10526
enable
0.210526
bias
0.421052
node
0.475
disable
0.38
done
3
25 1000004 -0.47121009531953 60 1
115 1000006 -0.92603300834356 59 1
170 1000006 -0.26528002799734 61 0
26.5
1
1
26.5
170
connections
0.2631575
step
0.095
link
2.10526
enable
0.210526
bias
0.421052
node
0.475
disable
0.421052
done
2
124 1000003 0.87627386994486 63 1
116 1000006 -1.2879733179174 62 1
26.5
1
2
26.5
171
connections
0.2631575
step
0.095
link
1.9
enable
0.19
bias
0.421052
node
0.475
disable
0.38
done
5
147 171 1 67 0
147 1000002 1.3949952141358 64 1
171 1000002 1.3949952141358 68 1
105 1000002 -1.4996396468485 65 1
170 1000003 1.7384221347693 66 1
0
172
connections
0.277007479225
step
0.09025
link
1.805
enable
0.1999997
bias
0.3999994
node
0.49999925
disable
0.3999994
done
7
147 171 1 67 0
147 1000002 1.3949952141358 64 1
171 1000002 1.3949952141358 68 1
105 1000002 -1.4996396468485 65 1
170 1000003 1.7384221347693 66 1
134 171 -0.41110222340147 1831 1
6 1000006 0.89530353569207 1832 1
26.5
1
2
26.5
171
connections
0.2375
step
0.105263
link
1.9
enable
0.19
bias
0.38
node
0.475
disable
0.38
done
4
41 171 1 71 0
41 1000003 0.67280385581441 69 0
171 1000003 0.67280385581441 72 1
145 1000005 0.97194519032349 70 1
0
172
connections
0.249999625
step
0.11080299169
link
1.805
enable
0.1999997
bias
0.3999994
node
0.49999925
disable
0.3999994
done
6
41 171 1 71 0
41 1000003 0.67280385581441 69 0
171 1000003 0.67280385581441 72 1
145 1000005 0.97194519032349 70 1
152 171 0.72283351361884 1508 1
130 171 1.663491457544 1509 0
26.5
1
2
26.5
171
connections
0.2375
step
0.095
link
2.10526
enable
0.19
bias
0.421052
node
0.526315
disable
0.38
done
5
32 171 1 76 1
107 1000002 0.092231263449523 73 0
170 1000002 -1.9716759975868 75 1
32 1000002 -1.8178868143903 74 0
171 1000002 -1.8178868143903 77 1
0
172
connections
0.225625
step
0.09999985
link
2.2160598338
enable
0.1805
bias
0.44321196676
node
0.49999925
disable
0.361
done
7
32 171 1 76 1
107 1000002 0.092231263449523 73 0
170 1000002 -1.9716759975868 75 1
32 1000002 -1.8178868143903 74 0
171 1000002 -1.8178868143903 77 1
51 1000005 -1.4025718082686 1510 1
8 171 1.7744585758888 1511 1
26.5
1
1
26.5
170
connections
0.2631575
step
0.095
link
2.10526
enable
0.19
bias
0.38
node
0.475
disable
0.38
done
3
67 1000001 0.90869504907573 79 1
11 1000003 0.96483510311918 78 1
170 1000005 -1.3529313389924 80 1
26.5
1
1
26.5
170
connections
0.2375
step
0.105263
link
2.10526
enable
0.210526
bias
0.38
node
0.526315
disable
0.38
done
2
136 1000002 -1.3741225262052 82 1
108 1000004 -0.97753818658066 81 0
193.5
1
3
193.5
171
connections
0.2631575
step
0.095
link
1.9
enable
0.19
bias
0.421052
node
0.526315
disable
0.38
done
5
26 171 1 86 1
66 1000002 0.88587654702639 83 1
171 1000005 -1.0836923155392 87 1
26 1000005 -1.0836923155392 84 0
170 1000006 0.53685566901083 85 1
0
172
connections
0.249999625
step
0.09025
link
1.999997
enable
0.1999997
bias
0.3999994
node
0.55401495845
disable
0.361
done
9
26 171 1 86 0
66 1000002 0.88587654702639 83 1
171 1000005 -1.0836923155392 87 1
26 1000005 -1.0836923155392 84 0
170 1000006 0.53685566901083 85 1
141 171 -0.76608507650256 1518 1
169 1000003 -1.8306997548 1519 1
26 172 1 1520 1
172 171 1 1521 1
0
171
connections
0.277007479225
step
0.09025
link
1.805
enable
0.1999997
bias
0.3999994
node
0.49999925
disable
0.3999994
done
8
26 171 1 86 1
66 1000002 0.88587654702639 83 0
171 1000005 -1.0836923155392 87 1
26 1000005 -1.0836923155392 84 0
170 1000006 0.53685566901083 85 1
115 1000003 -0.11307301843216 1769 1
81 171 1.452704369767 1770 1
170 1000005 1.7920334077403 1771 1
26.5
1
1
26.5
171
connections
0.2631575
step
0.095
link
2.10526
enable
0.210526
bias
0.38
node
0.475
disable
0.421052
done
4
32 171 1 90 1
25 1000003 -1.5196544991432 88 1
32 1000006 0.49642152827998 89 0
171 1000006 0.49642152827998 91 1
26.5
1
2
26.5
171
connections
0.2631575
step
0.095
link
2.10526
enable
0.210526
bias
0.421052
node
0.526315
disable
0.38
done
5
71 171 1 95 1
145 1000001 -1.3824613948271 94 1
166 1000004 -0.38560778199956 92 1
71 1000005 -0.98299487446574 93 0
171 1000005 -0.98299487446574 96 1
0
171
connections
0.277007479225
step
0.09025
link
1.999997
enable
0.22160598338
bias
0.3999994
node
0.49999925
disable
0.361
done
8
71 171 1.025900323653 95 1
145 1000001 -1.3171734958279 94 1
166 1000004 -0.35097575886279 92 1
71 1000005 -0.942942583497 93 0
171 1000005 -0.921818777866 96 1
167 1000001 1.2004388902338 1854 1
95 1000005 -0.62623338523611 1855 1
170 1000006 0.8378583243293 1856 1
26.5
1
2
26.5
170
connections
0.2631575
step
0.095
link
1.9
enable
0.210526
bias
0.38
node
0.526315
disable
0.421052
done
3
83 1000002 -0.56251880832134 97 1
170 1000004 0.42619722635774 99 1
155 1000006 0.86698864533891 98 1
0
170
connections
0.249999625
step
0.09025
link
1.999997
enable
0.22160598338
bias
0.361
node
0.49999925
disable
0.44321196676
done
5
83 1000002 -0.56251880832134 97 1
170 1000004 0.42619722635774 99 1
155 1000006 0.86698864533891 98 1
24 1000006 -1.1146119307329 1914 1
1000003 1000003 1.0533963549199 1915 1
26.5
1
1
26.5
170
connections
0.2631575
step
0.105263
link
2.10526
enable
0.210526
bias
0.421052
node
0.475
disable
0.38
done
2
97 1000004 1.9943526983235 101 1
144 1000005 0.71378846034118 100 1
26.5
1
1
26.5
171
connections
0.2631575
step
0.095
link
1.9
enable
0.210526
bias
0.421052
node
0.475
disable
0.38
done
4
24 171 1 104 1
24 1000001 1.0278933229986 102 0
171 1000001 1.0278933229986 105 1
170 1000003 0.10426049032447 103 1
26.5
1
1
26.5
170
connections
0.2631575
step
0.095
link
1.9
enable
0.19
bias
0.38
node
0.526315
disable
0.421052
done
3
100 1000001 -1.2218366429311 107 1
79 1000002 0.35782631968978 106 1
170 1000003 -1.2484417908119 108 0
26.5
1
1
26.5
170
connections
0.2631575
step
0.095
link
1.9
enable
0.210526
bias
0.38
node
0.526315
disable
0.421052
done
2
16 1000003 0.8432025158979 110 1
7 1000004 -1.9493492059174 109 0
26.5
1
1
26.5
171
connections
0.2631575
step
0.095
link
1.9
enable
0.210526
bias
0.421052
node
0.526315
disable
0.421052
done
5
170 171 1 114 1
129 1000004 -1.7861621211218 112 1
46 1000006 1.4304360521168 111 1
170 1000006 -0.4047994885616 113 1
171 1000006 -0.4047994885616 115 1
26.5
1
1
26.5
171
connections
0.2631575
step
0.095
link
2.10526
enable
0.19
bias
0.38
node
0.526315
disable
0.421052
done
5
170 171 1 119 1
125 1000001 1.0111510581389 116 1
170 1000001 -0.27366668091792 118 0
139 1000001 0.10604330995402 117 1
171 1000001 -0.27366668091792 120 1
26.5
1
1
26.5
171
connections
0.2375
step
0.095
link
2.10526
enable
0.19
bias
0.421052
node
0.526315
disable
0.421052
done
5
170 171 1 124 1
161 1000001 -0.14007001469846 122 0
1000005 1000003 -1.4308744126143 121 1
170 1000003 0.10975619503751 123 0
171 1000003 0.10975619503751 125 1
26.5
1
1
26.5
170
connections
0.2375
step
0.095
link
1.9
enable
0.210526
bias
0.38
node
0.475
disable
0.38
done
3
136 1000002 0.19077604366037 126 1
163 1000005 0.68638814924582 127 1
170 1000005 -0.26899872080842 128 1
26.5
1
2
26.5
171
connections
0.2375
step
0.105263
link
1.9
enable
0.210526
bias
0.421052
node
0.526315
disable
0.38
done
5
63 171 1 132 1
63 1000003 -1.9508885890017 129 1
171 1000003 -1.9508885890017 133 1
80 1000003 0.47580049488498 130 1
170 1000004 0.32406108562092 131 0
0
171
connections
0.249999625
step
0.095
link
1.805
enable
0.1999997
bias
0.44321196676
node
0.55401495845
disable
0.361
done
7
63 171 0.93937399731221 132 1
63 1000003 -1.9215434477509 129 1
171 1000003 -1.9487279343529 133 1
80 1000003 0.53013490468037 130 1
170 1000004 -1.8319018556885 131 0
97 171 0.55782853372294 1902 1
2 1000006 1.6796120031176 1903 1
26.5
1
1
26.5
170
connections
0.2631575
step
0.105263
link
1.9
enable
0.210526
bias
0.38
node
0.526315
disable
0.38
done
3
170 1000002 -0.38049817568646 136 1
55 1000002 -0.95107236641975 135 1
28 1000004 -0.3459651499735 134 0
26.5
1
1
26.5
171
connections
0.2375
step
0.105263
link
1.9
enable
0.19
bias
0.421052
node
0.526315
disable
0.421052
done
4
2 171 1 139 1
65 1000003 -1.7768860048507 138 1
2 1000006 0.88790602557729 137 0
171 1000006 0.88790602557729 140 1
26.5
1
3
26.5
171
connections
0.2375
step
0.105263
link
2.10526
enable
0.210526
bias
0.421052
node
0.475
disable
0.421052
done
6
71 171 1 145 1
170 1000002 0.78332611861794 144 1
155 1000002 -1.0416618730136 141 1
71 1000005 -1.9220389499897 143 0
171 1000005 -1.9220389499897 146 1
29 1000006 -1.5117023324183 142 1
0
172
connections
0.249999625
step
0.09999985
link
1.999997
enable
0.1999997
bias
0.44321196676
node
0.45125
disable
0.3999994
done
10
71 171 1 145 0
170 1000002 0.78332611861794 144 1
155 1000002 -1.0416618730136 141 1
71 1000005 -1.9220389499897 143 0
171 1000005 -1.9220389499897 146 1
29 1000006 -1.5117023324183 142 0
8 1000001 -1.6936799994175 1910 1
52 1000005 0.20003861291336 1911 1
71 172 1 1912 1
172 171 1 1913 1
0
172
connections
0.249999625
step
0.11080299169
link
2.2160598338
enable
0.22160598338
bias
0.3999994
node
0.45125
disable
0.3999994
done
8
71 171 1 145 1
170 1000002 0.78332611861794 144 1
155 1000002 -1.0416618730136 141 1
71 1000005 -1.9220389499897 143 0
171 1000005 -1.9220389499897 146 1
29 1000006 -1.5117023324183 142 0
139 1000001 -0.53377821600706 1943 1
15 1000001 -0.29499534438131 1944 1
26.5
1
2
26.5
171
connections
0.2375
step
0.105263
link
1.9
enable
0.19
bias
0.421052
node
0.475
disable
0.38
done
4
115 171 1 149 1
107 1000004 1.5849618351017 148 1
115 1000006 -1.9202604274825 147 0
171 1000006 -1.9202604274825 150 1
0
171
connections
0.225625
step
0.11080299169
link
1.999997
enable
0.1999997
bias
0.44321196676
node
0.45125
disable
0.361
done
7
115 171 1 149 1
107 1000004 1.5849618351017 148 1
115 1000006 -1.9202604274825 147 0
171 1000006 -1.9202604274825 150 1
24 1000006 1.397837426233 1993 1
10 1000003 -0.93919544058814 1994 1
170 1000001 -0.91601846689173 1995 1
26.5
1
1
26.5
171
connections
0.2375
step
0.105263
link
1.9
enable
0.19
bias
0.38
node
0.475
disable
0.421052
done
4
156 171 1 156 1
156 1000005 -0.42611447275901 154 0
141 1000005 -0.22823111071635 155 1
171 1000005 -0.42611447275901 157 1
26.5
1
1
26.5
171
connections
0.2631575
step
0.095
link
2.10526
enable
0.210526
bias
0.421052
node
0.475
disable
0.421052
done
5
90 171 1 161 1
1000003 1000001 1.9195371679587 159 1
90 1000002 -0.32112478200399 158 0
170 1000002 0.22983134455505 160 1
171 1000002 -0.32112478200399 162 1
26.5
1
2
26.5
171
connections
0.2631575
step
0.095
link
2.10526
enable
0.210526
bias
0.421052
node
0.526315
disable
0.421052
done
4
137 171 1 165 1
137 1000003 1.5890055278265 163 0
171 1000003 1.5890055278265 166 1
131 1000004 -1.1656503133316 164 1
0
172
connections
0.249999625
step
0.09025
link
2.2160598338
enable
0.1999997
bias
0.44321196676
node
0.49999925
disable
0.44321196676
done
6
137 171 1.0026681691745 165 1
137 1000003 1.6614649622798 163 0
171 1000003 1.6236549573475 166 1
131 1000004 -1.1516861798647 164 1
158 1000002 -1.9477084763105 1762 1
60 1000002 0.86981064587357 1763 1
26.5
1
1
26.5
170
connections
0.2631575
step
0.095
link
2.10526
enable
0.19
bias
0.38
node
0.475
disable
0.38
done
3
170 1000001 -1.5152995621391 169 1
8 1000003 -1.2980471902052 167 1
1000002 1000004 -0.47308407652801 168 1
26.5
1
2
26.5
171
connections
0.2375
step
0.105263
link
2.10526
enable
0.210526
bias
0.421052
node
0.475
disable
0.421052
done
5
18 171 1 173 1
90 1000006 1.0138027886924 170 1
170 1000006 -1.7173245603765 172 1
18 1000006 1.3904731084548 171 0
171 1000006 1.3904731084548 174 1
0
171
connections
0.225625
step
0.09999985
link
1.999997
enable
0.22160598338
bias
0.44321196676
node
0.45125
disable
0.44321196676
done
7
18 171 1 173 1
90 1000006 1.0138027886924 170 0
170 1000006 -1.7173245603765 172 1
18 1000006 1.3904731084548 171 0
171 1000006 1.3904731084548 174 1
1000005 1000006 -0.76798330003767 1844 1
59 1000006 -0.60102943079594 1845 1
26.5
1
1
26.5
171
connections
0.2631575
step
0.095
link
2.10526
enable
0.19
bias
0.421052
node
0.475
disable
0.421052
done
4
21 171 1 177 1
48 1000003 -0.51590776746902 176 1
21 1000005 0.70973938643455 175 0
171 1000005 0.70973938643455 178 1
26.5
1
1
26.5
171
connections
0.2375
step
0.105263
link
2.10526
enable
0.19
bias
0.421052
node
0.475
disable
0.421052
done
4
75 171 1 181 0
75 1000003 1.120415867828 179 0
171 1000003 1.120415867828 182 1
3 1000004 -1.0081112212539 180 1
26.5
1
1
26.5
171
connections
0.2375
step
0.105263
link
2.10526
enable
0.19
bias
0.421052
node
0.475
disable
0.421052
done
5
99 171 1 186 1
100 1000001 -1.6461379638157 183 1
170 1000004 1.8892524875185 185 1
99 1000006 -1.5320332569685 184 0
171 1000006 -1.5320332569685 187 1
26.5
1
1
26.5
171
connections
0.2375
step
0.105263
link
1.9
enable
0.19
bias
0.421052
node
0.526315
disable
0.421052
done
4
120 171 1 190 0
85 1000001 -1.8849159124703 189 1
120 1000003 0.90082318843381 188 0
171 1000003 0.90082318843381 191 1
26.5
1
1
26.5
170
connections
0.2631575
step
0.105263
link
2.10526
enable
0.19
bias
0.421052
node
0.526315
disable
0.421052
done
3
121 1000001 1.7561461812612 192 1
43 1000002 0.35767183935161 193 1
170 1000002 -1.9869600124596 194 0
26.5
1
1
26.5
170
connections
0.2631575
step
0.105263
link
1.9
enable
0.19
bias
0.38
node
0.526315
disable
0.38
done
2
73 1000001 -0.76844347956052 195 1
49 1000003 0.94082798573227 196 1
26.5
1
1
26.5
170
connections
0.2631575
step
0.095
link
2.10526
enable
0.210526
bias
0.421052
node
0.475
disable
0.421052
done
4
170 1000002 -0.15861202504421 200 1
48 1000002 -0.76198592538107 198 1
1 1000003 0.040720582958647 199 0
60 1000003 -0.40459018126344 197 1
26.5
1
1
26.5
170
connections
0.2631575
step
0.105263
link
1.9
enable
0.210526
bias
0.38
node
0.475
disable
0.421052
done
2
87 1000003 1.0742478347729 201 1
35 1000004 1.9438412580378 202 1
26.5
1
2
26.5
171
connections
0.2631575
step
0.095
link
1.9
enable
0.19
bias
0.421052
node
0.526315
disable
0.421052
done
3
1000002 171 1 204 1
1000002 1000004 0.23637622140179 203 0
171 1000004 0.23637622140179 205 1
0
171
connections
0.249999625
step
0.09999985
link
1.805
enable
0.1805
bias
0.44321196676
node
0.55401495845
disable
0.44321196676
done
5
1000002 171 1 204 1
1000002 1000004 0.23637622140179 203 0
171 1000004 0.23637622140179 205 1
144 171 1.1932771276651 1522 1
132 1000002 -1.752367334325 1523 1
26.5
1
1
26.5
171
connections
0.2631575
step
0.095
link
1.9
enable
0.19
bias
0.421052
node
0.526315
disable
0.38
done
5
170 171 1 209 1
136 1000003 -1.0859428937947 206 1
170 1000003 -1.6510813309118 208 1
171 1000003 -1.6510813309118 210 1
169 1000005 -0.80469518471728 207 1
26.5
1
1
26.5
170
connections
0.2631575
step
0.095
link
2.10526
enable
0.19
bias
0.38
node
0.475
disable
0.38
done
3
42 1000001 -1.2270917404569 211 1
170 1000001 1.9751021005097 213 1
82 1000003 -0.75950972491852 212 1
193.5
1
2
193.5
171
connections
0.2375
step
0.105263
link
2.10526
enable
0.210526
bias
0.421052
node
0.526315
disable
0.38
done
5
136 171 1 217 1
31 1000002 -1.4268275999589 215 1
136 1000003 -0.92302801596142 214 1
171 1000003 -0.92302801596142 218 1
170 1000006 0.030909049339084 216 1
0
172
connections
0.225625
step
0.095
link
1.999997
enable
0.1999997
bias
0.44321196676
node
0.55401495845
disable
0.3999994
done
9
136 171 1 217 1
31 1000002 -1.4268275999589 215 0
136 1000003 -0.92302801596142 214 1
171 1000003 -0.92302801596142 218 1
170 1000006 0.030909049339084 216 1
61 1000003 0.84409163652178 1524 1
166 1000005 -0.43367329725701 1525 1
31 172 1 1526 0
172 1000002 -1.4268275999589 1527 1
26.5
1
1
26.5
171
connections
0.2375
step
0.105263
link
2.10526
enable
0.19
bias
0.38
node
0.526315
disable
0.38
done
4
1000005 171 1 221 1
171 1000005 1.5818333400329 222 1
1000005 1000005 1.5818333400329 220 0
166 1000006 1.5471821443863 219 1
26.5
1
1
26.5
170
connections
0.2631575
step
0.095
link
1.9
enable
0.19
bias
0.38
node
0.526315
disable
0.38
done
2
168 1000003 -0.94657220269859 223 1
92 1000003 -1.261951028957 224 1
26.5
1
1
26.5
171
connections
0.2631575
step
0.105263
link
2.10526
enable
0.19
bias
0.421052
node
0.475
disable
0.421052
done
4
77 171 1 227 1
77 1000001 1.9637126680295 225 0
148 1000001 1.841541554705 226 0
171 1000001 1.9637126680295 228 1
26.5
1
1
26.5
170
connections
0.2375
step
0.105263
link
1.9
enable
0.19
bias
0.421052
node
0.526315
disable
0.38
done
2
64 1000001 0.83437711877487 229 1
90 1000001 -1.3385622144391 230 1
26.5
1
2
26.5
171
connections
0.2375
step
0.095
link
2.10526
enable
0.19
bias
0.421052
node
0.526315
disable
0.421052
done
4
1000001 171 1 233 1
1000001 1000004 1.8668603821969 231 0
113 1000004 0.73247640893444 232 1
171 1000004 1.8668603821969 234 1
0
171
connections
0.249999625
step
0.09999985
link
1.999997
enable
0.1999997
bias
0.44321196676
node
0.55401495845
disable
0.3999994
done
6
1000001 171 1 233 1
1000001 1000004 1.8668603821969 231 1
113 1000004 0.73247640893444 232 1
171 1000004 1.8668603821969 234 1
119 171 -0.60248917089891 1533 1
126 1000002 0.71022591679833 1534 1
26.5
1
3
26.5
171
connections
0.2631575
step
0.095
link
1.9
enable
0.19
bias
0.38
node
0.526315
disable
0.38
done
5
95 171 1 238 1
95 1000001 -0.97997765381819 235 0
170 1000001 0.43954255545491 237 1
171 1000001 -0.97997765381819 239 0
56 1000004 -0.28390545318085 236 1
0
171
connections
0.249999625
step
0.09999985
link
1.805
enable
0.1805
bias
0.361
node
0.55401495845
disable
0.361
done
7
95 171 1.0067484834084 238 1
95 1000001 -0.888912047973 235 0
170 1000001 0.43504216979808 237 1
171 1000001 -1.0434070999839 239 0
56 1000004 -0.29393943821646 236 1
16 1000005 -1.9474713168794 1535 1
98 1000006 -0.043096820843917 1536 1
0
171
connections
0.277007479225
step
0.105263
link
1.805
enable
0.1999997
bias
0.361
node
0.49999925
disable
0.3999994
done
7
95 171 1 238 1
95 1000001 -0.97997765381819 235 0
170 1000001 0.43954255545491 237 1
171 1000001 -0.97997765381819 239 1
56 1000004 -0.28390545318085 236 1
32 1000004 -1.1402078173776 1974 0
141 1000001 -0.33807203655041 1975 1
26.5
1
1
26.5
170
connections
0.2631575
step
0.105263
link
1.9
enable
0.19
bias
0.421052
node
0.475
disable
0.421052
done
2
28 1000001 -1.8496902379439 240 1
78 1000004 1.4983325970817 241 0
26.5
1
2
26.5
171
connections
0.2375
step
0.095
link
2.10526
enable
0.210526
bias
0.38
node
0.526315
disable
0.421052
done
5
32 171 1 245 1
34 1000001 -1.2302936945252 244 1
171 1000003 -1.359348049089 246 0
32 1000003 -1.359348049089 243 1
149 1000004 -1.2937668651779 242 1
0
172
connections
0.225625
step
0.09025
link
2.2160598338
enable
0.1999997
bias
0.3999994
node
0.49999925
disable
0.3999994
done
9
32 171 1 245 0
34 1000001 -1.2302936945252 244 1
171 1000003 -1.359348049089 246 0
32 1000003 -1.359348049089 243 1
149 1000004 -1.2937668651779 242 1
83 1000004 -1.4033925623649 1542 0
35 1000002 1.2101535942453 1543 1
32 172 1 1544 1
172 171 1 1545 1
26.5
1
1
26.5
171
connections
0.2375
step
0.095
link
1.9
enable
0.19
bias
0.38
node
0.526315
disable
0.421052
done
4
168 171 1 249 0
168 1000002 1.4038826764579 247 0
171 1000002 1.4038826764579 250 1
95 1000003 -0.45575620534632 248 1
26.5
1
1
26.5
170
connections
0.2375
step
0.095
link
1.9
enable
0.210526
bias
0.421052
node
0.475
disable
0.421052
done
1
151 1000001 -0.3006759743675 251 1
26.5
1
1
26.5
171
connections
0.2375
step
0.105263
link
1.9
enable
0.19
bias
0.38
node
0.526315
disable
0.38
done
4
96 171 1 254 1
113 1000005 -1.2204658348209 253 1
96 1000006 -0.72991390280887 252 0
171 1000006 -0.72991390280887 255 1
26.5
1
2
26.5
171
connections
0.2631575
step
0.105263
link
2.10526
enable
0.19
bias
0.38
node
0.526315
disable
0.421052
done
5
163 171 1 259 1
171 1000002 -0.048897325084031 260 1
170 1000002 -1.2499246426159 258 1
163 1000002 -0.048897325084031 257 0
66 1000005 0.19336071898852 256 1
0
171
connections
0.249999625
step
0.09999985
link
1.999997
enable
0.1999997
bias
0.3999994
node
0.55401495845
disable
0.44321196676
done
8
163 171 1 259 1
171 1000002 -0.048897325084031 260 1
170 1000002 -1.2499246426159 258 1
163 1000002 -0.048897325084031 257 0
66 1000005 0.19336071898852 256 1
145 171 -1.4726394412446 1556 1
133 1000005 -0.31421881649374 1557 1
170 1000003 0.42137500942749 1558 1
26.5
1
1
26.5
170
connections
0.2631575
step
0.105263
link
1.9
enable
0.210526
bias
0.38
node
0.475
disable
0.38
done
2
79 1000003 -0.59090644614348 261 1
45 1000006 0.34730677229693 262 1
26.5
1
3
26.5
171
connections
0.2375
step
0.105263
link
1.9
enable
0.19
bias
0.421052
node
0.526315
disable
0.421052
done
5
14 171 1 266 1
170 1000001 1.1860124185616 265 1
171 1000003 -0.41670937576178 267 1
14 1000003 -0.41670937576178 264 1
75 1000006 -1.0762938927283 263 1
0
171
connections
0.225625
step
0.09999985
link
1.805
enable
0.1999997
bias
0.3999994
node
0.49999925
disable
0.44321196676
done
8
14 171 1 266 1
170 1000001 1.1860124185616 265 1
171 1000003 -0.41670937576178 267 1
14 1000003 -0.41670937576178 264 1
75 1000006 -1.0762938927283 263 1
16 1000002 0.88146613858708 1562 1
120 1000001 0.27671235905807 1563 1
170 1000003 -1.8637469242624 1564 1
0
171
connections
0.225625
step
0.105263
link
1.999997
enable
0.1999997
bias
0.44321196676
node
0.55401495845
disable
0.3999994
done
7
14 171 1.0686524105882 266 1
170 1000001 1.2865586190307 265 1
171 1000003 -0.44430709726736 267 1
14 1000003 -0.49109158578889 264 1
75 1000006 -0.98219059834406 263 1
89 1000002 0.29107212009424 1918 1
116 1000001 0.86566005408096 1919 1
26.5
1
1
26.5
170
connections
0.2375
step
0.105263
link
2.10526
enable
0.210526
bias
0.38
node
0.475
disable
0.421052
done
2
101 1000002 -0.86167142859738 269 0
47 1000005 -0.91152707995452 268 1
26.5
1
1
26.5
170
connections
0.2631575
step
0.105263
link
1.9
enable
0.19
bias
0.421052
node
0.526315
disable
0.421052
done
2
4 1000001 -1.1529944516499 271 1
125 1000006 -1.7757284696101 270 1
26.5
1
2
26.5
171
connections
0.2375
step
0.095
link
2.10526
enable
0.210526
bias
0.421052
node
0.475
disable
0.421052
done
4
157 171 1 274 0
157 1000003 0.53933202966085 272 0
43 1000003 -0.42711129897605 273 1
171 1000003 0.53933202966085 275 1
0
171
connections
0.225625
step
0.09025
link
2.2160598338
enable
0.1999997
bias
0.3999994
node
0.49999925
disable
0.44321196676
done
6
157 171 1 274 0
157 1000003 0.53933202966085 272 0
43 1000003 -0.42711129897605 273 1
171 1000003 0.53933202966085 275 1
151 1000003 0.03009380680979 1573 1
170 1000005 0.024101867351729 1574 1
26.5
1
3
26.5
170
connections
0.2631575
step
0.095
link
2.10526
enable
0.210526
bias
0.38
node
0.526315
disable
0.38
done
3
20 1000001 -0.055914736378898 277 1
170 1000002 1.8121639079471 278 0
131 1000005 0.68113966597297 276 1
0
170
connections
0.277007479225
step
0.105263
link
1.999997
enable
0.1999997
bias
0.3999994
node
0.55401495845
disable
0.361
done
5
20 1000001 -0.055914736378898 277 0
170 1000002 1.8121639079471 278 0
131 1000005 0.68113966597297 276 1
28 1000004 -0.81059454698609 1575 1
26 1000003 0.67999483210966 1576 1
0
170
connections
0.277007479225
step
0.09025
link
1.999997
enable
0.22160598338
bias
0.3999994
node
0.55401495845
disable
0.3999994
done
5
20 1000001 -0.055914736378898 277 1
170 1000002 1.8121639079471 278 1
131 1000005 0.68113966597297 276 1
134 1000004 1.6458869425794 1865 1
113 1000006 -0.99082906869744 1866 1
26.5
1
4
26.5
171
connections
0.2375
step
0.105263
link
1.9
enable
0.210526
bias
0.38
node
0.526315
disable
0.421052
done
5
73 171 1 282 1
82 1000002 -0.91697942228847 279 1
171 1000003 0.44651702905377 283 1
73 1000003 0.44651702905377 280 0
170 1000006 -1.2964272514435 281 1
0
171
connections
0.23749964375
step
0.1052628421055
link
1.71475
enable
0.189999715
bias
0.37999943
node
0.5263142105275
disable
0.37999943
done
8
73 171 1.005423666641 282 1
58 171 1.1011008373932 1040 1
82 1000002 -0.90705299838669 279 0
171 1000003 0.45287542591214 283 1
73 1000003 0.4301544664136 280 0
170 1000006 -1.406880700606 281 1
14 1000005 -1.9305961634641 1577 1
130 1000004 0.017919863582551 1578 1
0
171
connections
0.225625
step
0.09999985
link
1.999997
enable
0.1999997
bias
0.3999994
node
0.49999925
disable
0.44321196676
done
8
73 171 1 282 1
82 1000002 -0.91697942228847 279 0
171 1000003 0.44651702905377 283 1
73 1000003 0.44651702905377 280 0
170 1000006 -1.2964272514435 281 1
48 1000006 1.7015481813352 1848 1
97 1000002 0.25884072215242 1849 1
170 1000003 0.50364220817743 1850 1
0
171
connections
0.249999625
step
0.11080299169
link
1.999997
enable
0.22160598338
bias
0.3999994
node
0.55401495845
disable
0.44321196676
done
7
73 171 -0.72155677281393 282 1
82 1000002 -0.88159760413925 279 0
171 1000003 0.36888451439738 283 1
73 1000003 0.42062927493822 280 0
170 1000006 -1.2381865886257 281 1
50 1000003 0.80432099048249 1981 1
103 1000006 -0.2299839883251 1982 1
26.5
1
3
26.5
171
connections
0.2631575
step
0.095
link
2.10526
enable
0.210526
bias
0.421052
node
0.526315
disable
0.38
done
5
116 171 1 287 1
94 1000003 1.2284399006648 284 1
171 1000004 0.74314437189286 288 1
116 1000004 0.74314437189286 285 0
170 1000006 -0.027559493681211 286 1
0
171
connections
0.249999625
step
0.09025
link
2.2160598338
enable
0.22160598338
bias
0.3999994
node
0.55401495845
disable
0.3999994
done
7
116 171 1 287 1
94 1000003 1.2284399006648 284 1
171 1000004 0.74314437189286 288 1
116 1000004 0.74314437189286 285 0
170 1000006 -0.027559493681211 286 1
12 1000001 -1.7208317107152 1579 1
72 1000005 -0.93029488200801 1580 1
0
172
connections
0.249999625
step
0.09025
link
1.999997
enable
0.22160598338
bias
0.3999994
node
0.49999925
disable
0.361
done
9
116 171 1.0622689603479 287 1
94 1000003 1.1889550511316 284 0
171 1000004 0.7380148348721 288 1
116 1000004 0.82949630413379 285 0
170 1000006 0.011758281594379 286 1
39 1000006 1.2636929933278 1882 1
168 1000005 1.247387302689 1883 1
94 172 1 1884 1
172 1000003 1.1889550511316 1885 1
26.5
1
2
26.5
170
connections
0.2631575
step
0.105263
link
1.9
enable
0.19
bias
0.38
node
0.526315
disable
0.38
done
3
170 1000002 1.8267647027163 291 0
32 1000002 0.54040786183458 290 1
124 1000006 -1.7636918647977 289 1
0
170
connections
0.249999625
step
0.095
link
1.805
enable
0.1805
bias
0.3999994
node
0.55401495845
disable
0.361
done
5
170 1000002 1.8267647027163 291 1
32 1000002 0.54040786183458 290 1
124 1000006 -1.7636918647977 289 0
108 1000002 1.1501708939439 1581 1
116 1000005 1.0329759954628 1582 1
26.5
1
2
26.5
170
connections
0.2375
step
0.095
link
1.9
enable
0.210526
bias
0.421052
node
0.526315
disable
0.38
done
3
170 1000001 -1.5917735749817 294 1
53 1000002 -0.76838090027141 293 1
81 1000004 0.9570678989203 292 1
0
170
connections
0.249999625
step
0.09999985
link
1.999997
enable
0.22160598338
bias
0.3999994
node
0.55401495845
disable
0.361
done
5
170 1000001 -1.6130245843244 294 1
53 1000002 -0.72497368857712 293 1
81 1000004 0.96154354170173 292 1
17 1000004 -1.8471008873764 1583 1
147 1000005 1.974410949263 1584 1
26.5
1
1
26.5
171
connections
0.2375
step
0.105263
link
2.10526
enable
0.19
bias
0.38
node
0.475
disable
0.38
done
4
43 171 1 297 1
43 1000002 1.7739620226314 295 0
171 1000002 1.7739620226314 298 1
144 1000004 -1.3684841037581 296 1
26.5
1
2
26.5
171
connections
0.2375
step
0.095
link
2.10526
enable
0.210526
bias
0.421052
node
0.526315
disable
0.421052
done
4
129 171 1 301 1
171 1000003 1.904067160517 302 0
129 1000003 1.904067160517 300 0
124 1000004 -1.5200225578249 299 1
0
171
connections
0.225625
step
0.09025
link
1.999997
enable
0.1999997
bias
0.44321196676
node
0.49999925
disable
0.44321196676
done
7
129 171 0.9664395183349 301 0
171 1000003 1.815939140055 302 0
129 1000003 1.941438353832 300 0
124 1000004 -1.5521941756773 299 1
9 1000006 1.0331214345215 1589 1
126 1000006 -0.29748871656949 1590 1
170 1000005 -1.0403905450555 1591 1
26.5
1
2
26.5
170
connections
0.2631575
step
0.095
link
1.9
enable
0.210526
bias
0.421052
node
0.526315
disable
0.38
done
2
116 1000004 -0.48946754564041 303 1
18 1000006 1.4350546148769 304 1
0
170
connections
0.249999625
step
0.105263
link
1.805
enable
0.1999997
bias
0.44321196676
node
0.49999925
disable
0.3999994
done
3
116 1000004 -0.48946754564041 303 1
18 1000006 1.4350546148769 304 1
87 1000001 0.15641132283789 1592 1
26.5
1
2
26.5
171
connections
0.2375
step
0.105263
link
2.10526
enable
0.19
bias
0.421052
node
0.475
disable
0.421052
done
4
136 171 1 307 1
9 1000001 1.1650653477595 306 1
136 1000002 1.2642430138142 305 0
171 1000002 1.2642430138142 308 1
0
171
connections
0.249999625
step
0.11080299169
link
1.999997
enable
0.1805
bias
0.3999994
node
0.45125
disable
0.3999994
done
6
136 171 1 307 1
9 1000001 1.1650653477595 306 1
136 1000002 1.2642430138142 305 0
171 1000002 1.2642430138142 308 1
31 1000005 -0.039277010615578 1842 1
170 171 -1.0445586177728 1843 1
26.5
1
1
26.5
170
connections
0.2631575
step
0.105263
link
2.10526
enable
0.210526
bias
0.421052
node
0.475
disable
0.38
done
2
125 1000005 -1.7898299581324 309 1
95 1000005 1.0856438163135 310 0
26.5
1
2
26.5
171
connections
0.2375
step
0.105263
link
1.9
enable
0.210526
bias
0.421052
node
0.526315
disable
0.38
done
5
76 171 1 314 1
170 1000001 0.72985076845151 313 1
171 1000003 1.0941170375301 315 1
76 1000003 1.0941170375301 312 0
157 1000006 1.2331153858607 311 1
0
171
connections
0.249999625
step
0.09999985
link
1.999997
enable
0.22160598338
bias
0.3999994
node
0.55401495845
disable
0.361
done
7
76 171 1 314 1
170 1000001 0.72985076845151 313 1
171 1000003 1.0941170375301 315 1
76 1000003 1.0941170375301 312 0
157 1000006 1.2331153858607 311 1
29 1000004 -1.5718766057733 1602 1
71 171 -1.0456850300756 1603 0
193.5
1
1
193.5
170
connections
0.2631575
step
0.105263
link
2.10526
enable
0.19
bias
0.38
node
0.526315
disable
0.421052
done
3
49 1000001 1.6048052886523 319 1
34 1000001 -0.41146045662996 320 1
170 1000006 1.5475022008398 321 1
26.5
1
1
26.5
171
connections
0.2375
step
0.095
link
1.9
enable
0.210526
bias
0.421052
node
0.526315
disable
0.38
done
4
60 171 1 324 1
38 1000002 -1.9737525563565 322 1
60 1000003 1.1207890580971 323 0
171 1000003 1.1207890580971 325 1
26.5
1
1
26.5
170
connections
0.2375
step
0.095
link
1.9
enable
0.19
bias
0.421052
node
0.475
disable
0.38
done
2
56 1000004 -1.8557679969146 327 1
168 1000005 0.12095558555841 326 1
26.5
1
1
26.5
170
connections
0.2375
step
0.105263
link
2.10526
enable
0.210526
bias
0.421052
node
0.475
disable
0.38
done
2
40 1000003 -1.4589825605317 328 1
76 1000005 -1.359677178487 329 1
26.5
1
1
26.5
171
connections
0.2631575
step
0.095
link
2.10526
enable
0.210526
bias
0.38
node
0.475
disable
0.421052
done
5
57 171 1 335 1
170 1000002 0.88488549128402 334 1
171 1000004 0.56911649115808 336 1
57 1000004 0.56911649115808 333 0
163 1000005 -1.198480710014 332 1
26.5
1
2
26.5
171
connections
0.2631575
step
0.095
link
2.10526
enable
0.210526
bias
0.38
node
0.526315
disable
0.421052
done
5
142 171 1 340 1
122 1000002 0.81478833351973 337 1
170 1000005 -0.63642179343683 339 1
142 1000006 -0.89527656645294 338 0
171 1000006 -0.89527656645294 341 1
0
172
connections
0.277007479225
step
0.095
link
2.2160598338
enable
0.22160598338
bias
0.361
node
0.55401495845
disable
0.3999994
done
9
142 171 0.91675677946851 340 1
122 1000002 0.87951483232645 337 1
170 1000005 -0.62560523716761 339 0
142 1000006 -0.94313604403666 338 0
171 1000006 -0.81192255857723 341 1
131 1000004 0.7631864411585 1622 1
69 1000003 -1.5080365499053 1623 0
170 172 1 1624 1
172 1000005 -0.62560523716761 1625 1
26.5
1
3
26.5
171
connections
0.2375
step
0.095
link
2.10526
enable
0.210526
bias
0.38
node
0.526315
disable
0.38
done
5
102 171 1 345 1
170 1000003 -1.1044569123091 344 1
171 1000005 0.12644889490979 346 1
102 1000005 0.12644889490979 343 0
20 1000006 -0.801059528627 342 1
0
171
connections
0.225625
step
0.09025
link
1.999997
enable
0.22160598338
bias
0.3999994
node
0.49999925
disable
0.361
done
7
102 171 1 345 1
170 1000003 -1.1044569123091 344 1
171 1000005 0.12644889490979 346 1
102 1000005 0.12644889490979 343 1
20 1000006 -0.801059528627 342 1
22 1000006 -0.15787369858375 1626 1
18 1000005 1.3494064413707 1627 1
0
172
connections
0.225625
step
0.09025
link
2.2160598338
enable
0.1999997
bias
0.3999994
node
0.55401495845
disable
0.361
done
8
102 171 1 345 1
170 1000003 -1.1044569123091 344 1
171 1000005 0.12644889490979 346 0
102 1000005 0.12644889490979 343 0
20 1000006 -0.801059528627 342 1
151 1000005 0.59913058886264 1879 1
107 1000003 -0.91856634752758 1880 1
170 1000006 1.0750671564951 1881 1
26.5
1
1
26.5
170
connections
0.2375
step
0.105263
link
1.9
enable
0.210526
bias
0.38
node
0.475
disable
0.421052
done
3
41 1000002 0.68986848494498 348 1
68 1000005 -1.2460971266246 347 1
170 1000005 0.81795585659237 349 0
26.5
1
2
26.5
171
connections
0.2631575
step
0.095
link
1.9
enable
0.19
bias
0.421052
node
0.526315
disable
0.38
done
4
70 171 1 352 1
70 1000001 -0.77610148618748 350 1
32 1000001 -1.7336395064991 351 1
171 1000001 -0.77610148618748 353 0
0
171
connections
0.277007479225
step
0.09999985
link
1.999997
enable
0.1805
bias
0.44321196676
node
0.55401495845
disable
0.361
done
7
70 171 1 352 1
70 1000001 -0.77610148618748 350 1
32 1000001 -1.7336395064991 351 1
171 1000001 -0.77610148618748 353 1
45 1000002 -0.70851634010138 1631 0
9 1000005 -0.2583170487817 1632 1
170 1000001 -1.7957557736876 1633 1
26.5
1
2
26.5
170
connections
0.2375
step
0.095
link
1.9
enable
0.19
bias
0.421052
node
0.475
disable
0.38
done
2
59 1000001 1.2777615726356 355 1
63 1000002 -0.53242213210669 354 1
0
170
connections
0.249999625
step
0.09025
link
1.805
enable
0.1805
bias
0.44321196676
node
0.49999925
disable
0.361
done
3
59 1000001 1.2072236378065 355 1
63 1000002 -0.49228960077536 354 1
81 1000002 1.8274181558878 1634 1
26.5
1
1
26.5
170
connections
0.2631575
step
0.095
link
1.9
enable
0.210526
bias
0.421052
node
0.475
disable
0.421052
done
2
170 1000002 0.23954847559312 357 1
152 1000006 -1.2989722971334 356 1
26.5
1
1
26.5
171
connections
0.2631575
step
0.095
link
1.9
enable
0.210526
bias
0.38
node
0.526315
disable
0.421052
done
4
161 171 1 360 1
42 1000001 -0.83052170035919 359 0
161 1000006 1.6238199414796 358 0
171 1000006 1.6238199414796 361 1
26.5
1
3
26.5
171
connections
0.2631575
step
0.095
link
1.9
enable
0.210526
bias
0.421052
node
0.475
disable
0.38
done
4
132 171 1 364 1
171 1000002 1.1849773466517 365 1
132 1000002 1.1849773466517 363 0
44 1000004 -1.6073253357817 362 1
0
171
connections
0.249999625
step
0.105263
link
1.805
enable
0.22160598338
bias
0.44321196676
node
0.49999925
disable
0.361
done
6
132 171 0.89599341334427 364 1
171 1000002 1.2711496496798 365 1
132 1000002 1.1959330940569 363 0
44 1000004 -1.5123858499721 362 1
9 1000002 -0.51704841038075 1643 1
61 1000002 0.60813647257543 1644 1
0
171
connections
0.249999625
step
0.095
link
1.999997
enable
0.22160598338
bias
0.44321196676
node
0.45125
disable
0.361
done
6
132 171 1 364 1
171 1000002 1.1849773466517 365 1
132 1000002 1.1849773466517 363 0
44 1000004 -1.6073253357817 362 1
40 1000006 -0.20593221774601 1836 1
54 1000005 -0.8427263027256 1837 1
26.5
1
2
26.5
171
connections
0.2375
step
0.105263
link
1.9
enable
0.19
bias
0.421052
node
0.526315
disable
0.421052
done
4
1000006 171 1 368 1
1000006 1000005 -1.47105732163 366 1
171 1000005 -1.47105732163 369 1
79 1000006 0.12510008091345 367 1
0
171
connections
0.225625
step
0.11080299169
link
1.999997
enable
0.1805
bias
0.3999994
node
0.55401495845
disable
0.44321196676
done
6
1000006 171 1 368 1
1000006 1000005 -1.47105732163 366 1
171 1000005 -1.47105732163 369 1
79 1000006 0.12510008091345 367 0
31 1000001 1.4707020164797 1645 1
78 1000002 0.18546497178518 1646 1
26.5
1
1
26.5
170
connections
0.2375
step
0.095
link
1.9
enable
0.210526
bias
0.421052
node
0.475
disable
0.421052
done
2
129 1000001 1.1453077882274 370 1
1000005 1000005 1.0615727636319 371 1
26.5
1
1
26.5
170
connections
0.2631575
step
0.095
link
2.10526
enable
0.210526
bias
0.421052
node
0.526315
disable
0.421052
done
2
12 1000002 -1.7081259841603 372 1
165 1000003 -1.9531624819865 373 1
193.5
1
1
193.5
170
connections
0.2375
step
0.095
link
1.9
enable
0.19
bias
0.38
node
0.526315
disable
0.421052
done
2
46 1000005 -1.5492910628902 439 1
116 1000006 1.1906503733204 440 1
196
0
2
196
170
connections
0.225625
step
0.09999985
link
1.805
enable
0.1999997
bias
0.3999994
node
0.49999925
disable
0.44321196676
done
5
106 1000001 0.20948919197986 1160 1
68 1000004 0.1048648972624 441 1
8 1000005 0.28166150780472 1159 0
118 1000006 2.0612422299549 442 1
170 1000006 0.88765157521127 443 1
0
171
connections
0.23749964375
step
0.1052628421055
link
1.89999715
enable
0.189999715
bias
0.37999943
node
0.4749992875
disable
0.421051368422
done
9
106 1000001 0.20948919197986 1160 1
68 1000004 0.1048648972624 441 1
8 1000005 0.28166150780472 1159 0
118 1000006 2.0612422299549 442 1
170 1000006 0.88765157521127 443 1
125 1000004 -1.3997782559133 1649 0
66 1000006 0.91992946105075 1650 1
125 171 1 1651 1
171 1000004 -1.3997782559133 1652 1
193.5
1
2
193.5
170
connections
0.2631575
step
0.105263
link
2.10526
enable
0.19
bias
0.421052
node
0.526315
disable
0.38
done
3
44 1000002 -1.2391815722171 457 1
86 1000004 -1.8589079658775 458 0
170 1000006 1.0391656379398 459 1
0
170
connections
0.277007479225
step
0.09999985
link
1.999997
enable
0.1805
bias
0.44321196676
node
0.55401495845
disable
0.361
done
5
44 1000002 -1.2391815722171 457 0
86 1000004 -1.8589079658775 458 0
170 1000006 1.0391656379398 459 1
14 1000003 0.4711451430205 1764 1
27 1000003 -1.9551243521064 1765 1
193.5
0
1
193.5
172
connections
0.249999625
step
0.09999985
link
2.2160598338
enable
0.1805
bias
0.3999994
node
0.45125
disable
0.3999994
done
7
167 171 0.99073926141565 474 1
170 171 -1.4989702233574 1366 1
1000002 1000001 1.9272865745832 1364 1
48 1000002 -0.35174973787724 473 0
167 1000006 -1.7788022058991 472 0
108 1000006 1.3172328487585 1365 1
171 1000006 -1.7672129414579 475 1
193.5
1
2
193.5
170
connections
0.2375
step
0.095
link
2.10526
enable
0.19
bias
0.421052
node
0.475
disable
0.38
done
3
126 1000004 1.2362830802967 496 0
143 1000005 -1.4223714691691 495 1
170 1000006 1.0782279032647 497 1
0
171
connections
0.225625
step
0.105263
link
1.999997
enable
0.1805
bias
0.3999994
node
0.49999925
disable
0.361
done
5
126 1000004 1.2362830802967 496 0
143 1000005 -1.4223714691691 495 0
170 1000006 1.0782279032647 497 1
91 1000005 0.86805380641858 1927 1
167 1000004 -1.2620198574206 1928 1
193.5
1
1
193.5
171
connections
0.2375
step
0.105263
link
2.10526
enable
0.210526
bias
0.421052
node
0.475
disable
0.421052
done
5
92 171 1 580 1
92 1000004 1.5803778989149 577 0
171 1000004 1.5803778989149 581 1
9 1000005 1.7327639440693 578 1
170 1000006 0.28852054210777 579 1
238
1
2
238
170
connections
0.2631575
step
0.095
link
2.10526
enable
0.210526
bias
0.421052
node
0.475
disable
0.38
done
3
170 1000002 0.27344755002924 650 1
158 1000004 -1.1897031865966 648 1
121 1000006 1.4318073463774 649 1
0
170
connections
0.249999625
step
0.09025
link
1.999997
enable
0.22160598338
bias
0.3999994
node
0.49999925
disable
0.361
done
5
170 1000002 0.27525837289263 650 1
158 1000004 -1.1336518167716 648 1
121 1000006 1.4270400754052 649 1
13 1000005 -0.37104550486945 1669 1
111 1000002 1.4921085645874 1670 1
193.5
1
1
193.5
170
connections
0.2375
step
0.105263
link
1.9
enable
0.19
bias
0.38
node
0.526315
disable
0.38
done
2
1000006 1000001 -1.5009322238625 652 1
126 1000006 1.6645443978089 651 1
193.5
1
3
193.5
171
connections
0.2631575
step
0.105263
link
2.10526
enable
0.19
bias
0.421052
node
0.526315
disable
0.38
done
5
170 171 1 796 1
171 1000003 0.1045431839789 797 1
170 1000003 0.1045431839789 795 0
55 1000005 -1.1720315586645 793 1
1000003 1000006 1.8398597258329 794 1
0
172
connections
0.249999625
step
0.095
link
2.2160598338
enable
0.1999997
bias
0.3999994
node
0.55401495845
disable
0.3999994
done
9
170 171 1 796 0
171 1000003 0.1045431839789 797 1
170 1000003 0.1045431839789 795 0
55 1000005 -1.1720315586645 793 1
1000003 1000006 1.8398597258329 794 1
1000004 1000001 -0.10301240072726 1677 1
15 171 1.3026332423569 1678 1
170 172 1 1679 1
172 171 1 1680 1
0
171
connections
0.277007479225
step
0.105263
link
2.2160598338
enable
0.1999997
bias
0.3999994
node
0.49999925
disable
0.3999994
done
8
170 171 1 796 1
171 1000003 0.1045431839789 797 1
170 1000003 0.1045431839789 795 0
55 1000005 -1.1720315586645 793 1
1000003 1000006 1.8398597258329 794 1
111 1000002 -0.29440356711596 1907 1
145 1000005 1.472313878812 1908 1
170 1000004 0.77145881707382 1909 1
193.5
1
2
193.5
170
connections
0.2375
step
0.095
link
2.10526
enable
0.210526
bias
0.38
node
0.526315
disable
0.421052
done
3
147 1000004 0.29081434304398 837 1
109 1000006 0.94043516877128 838 1
44 1000006 0.13844913716356 839 0
0
171
connections
0.225625
step
0.09025
link
1.999997
enable
0.1999997
bias
0.3999994
node
0.55401495845
disable
0.44321196676
done
5
147 1000004 0.29081434304398 837 1
109 1000006 0.94043516877128 838 1
44 1000006 0.13844913716356 839 0
70 1000004 1.2686419967882 1681 1
92 1000004 0.43689213061561 1682 0
197
1
2
197
170
connections
0.2375
step
0.095
link
2.10526
enable
0.19
bias
0.421052
node
0.475
disable
0.38
done
3
1000006 1000002 -1.5418895182861 872 1
170 1000002 0.71200204394385 874 1
170 1000006 1.9672341141697 873 1
0
170
connections
0.225625
step
0.09025
link
1.999997
enable
0.1805
bias
0.44321196676
node
0.45125
disable
0.361
done
5
1000006 1000002 -1.5418895182861 872 1
170 1000002 0.71200204394385 874 1
170 1000006 1.9672341141697 873 1
40 1000004 1.545134002131 1683 1
76 1000002 1.9458948839204 1684 1
193.5
1
2
193.5
170
connections
0.2375
step
0.095
link
1.9
enable
0.210526
bias
0.421052
node
0.475
disable
0.38
done
3
33 1000006 1.3613962583995 877 1
49 1000006 -0.11524513462337 878 0
170 1000006 0.48453140560749 879 1
0
170
connections
0.225625
step
0.09025
link
1.999997
enable
0.1999997
bias
0.3999994
node
0.45125
disable
0.3999994
done
5
33 1000006 1.3613962583995 877 1
49 1000006 -0.11524513462337 878 0
170 1000006 0.48453140560749 879 1
164 1000002 1.6338506600046 1689 1
135 1000004 1.857367329233 1690 1
193.5
1
1
193.5
170
connections
0.2631575
step
0.095
link
1.9
enable
0.210526
bias
0.421052
node
0.526315
disable
0.421052
done
2
23 1000004 -0.16300471227756 880 0
112 1000006 1.7235589156503 881 1
193.5
0
2
193.5
170
connections
0.277007479225
step
0.11080299169
link
2.2160598338
enable
0.22160598338
bias
0.44321196676
node
0.49999925
disable
0.361
done
5
26 1000004 0.79942366052392 1059 1
95 1000005 1.0856438163135 310 0
125 1000005 -1.7898299581324 309 1
16 1000006 -1.9948561917966 1060 1
170 1000006 1.6298535054689 1061 1
0
171
connections
0.26315710526375
step
0.11663455314264
link
2.3326910628529
enable
0.210525684211
bias
0.421051368422
node
0.5263142105275
disable
0.37999943
done
9
26 1000004 0.86866406116875 1059 0
95 1000005 0.98416226434305 310 0
125 1000005 -1.8187118825811 309 1
16 1000006 -1.8923647766647 1060 1
170 1000006 1.7087302471962 1061 1
163 1000004 -0.0080624828152649 1695 1
123 1000006 -1.0106076761198 1696 1
26 171 1 1697 1
171 1000004 0.86866406116875 1698 1
190
0
3
190
170
connections
0.249999625
step
0.11080299169
link
1.999997
enable
0.1999997
bias
0.361
node
0.49999925
disable
0.3999994
done
6
49 1000001 1.5054735144001 319 0
34 1000001 -0.31890554639294 320 1
60 1000001 -1.8660955689224 1067 1
170 1000003 0.04560556544252 1069 1
164 1000003 -0.52863855963975 1068 1
170 1000006 1.5844305250699 321 1
0
170
connections
0.26315710526375
step
0.095
link
2.10525684211
enable
0.210525684211
bias
0.34295
node
0.4749992875
disable
0.421051368422
done
8
49 1000001 1.5054735144001 319 0
34 1000001 -0.31890554639294 320 1
60 1000001 -1.8660955689224 1067 1
170 1000003 0.04560556544252 1069 1
164 1000003 -0.52863855963975 1068 1
170 1000006 1.5844305250699 321 1
63 1000002 0.61627475852905 1699 1
93 1000001 -1.4704760161557 1700 1
0
170
connections
0.23749964375
step
0.095
link
2.10525684211
enable
0.189999715
bias
0.37999943
node
0.4749992875
disable
0.421051368422
done
8
49 1000001 1.5054735144001 319 1
34 1000001 -0.31890554639294 320 1
60 1000001 -1.8660955689224 1067 1
170 1000003 0.04560556544252 1069 1
164 1000003 -0.52863855963975 1068 1
170 1000006 1.5844305250699 321 1
119 1000001 0.16648888875101 1916 1
99 1000003 -1.0581235769475 1917 1
193.5
0
3
193.5
172
connections
0.249999625
step
0.09999985
link
2.2160598338
enable
0.1999997
bias
0.3999994
node
0.49999925
disable
0.3999994
done
10
149 171 1 408 1
5 172 1 1141 1
170 1000002 -1.6452551612841 407 1
151 1000002 -0.084495655300326 1138 1
149 1000003 0.72853268623749 406 0
171 1000003 0.72853268623749 409 1
121 1000003 0.0019721528524403 1139 1
5 1000004 1.752363439534 405 0
172 1000004 1.752363439534 1142 1
170 1000006 0.61051873052983 1140 1
0
173
connections
0.26315710526375
step
0.1052628421055
link
2.10525684211
enable
0.210525684211
bias
0.37999943
node
0.4749992875
disable
0.421051368422
done
15
149 171 0.93428099717178 408 0
5 172 1.0238403278999 1141 1
170 1000002 -1.7093722369353 407 1
151 1000002 0.010363043551652 1138 1
149 1000003 0.80607034276229 406 0
171 1000003 0.63561837633543 409 1
121 1000003 -0.087279695052393 1139 1
5 1000004 1.8224416676265 405 0
172 1000004 1.7906665686679 1142 0
170 1000006 0.71171706341781 1140 1
145 172 0.81708898526481 1701 1
85 172 -1.5087977775879 1702 1
170 1000003 -0.7201899395884 1703 1
172 173 1 1704 1
173 1000004 1.7906665686679 1705 1
0
173
connections
0.23749964375
step
0.095
link
2.10525684211
enable
0.210525684211
bias
0.37999943
node
0.4749992875
disable
0.37999943
done
14
149 171 1.041287659675 408 1
5 172 0.93243157642774 1141 1
170 1000002 -1.6754120710867 407 1
151 1000002 -0.028601144376956 1138 1
149 1000003 0.65432480123328 406 0
171 1000003 0.66891118726875 409 1
121 1000003 0.040724766420072 1139 1
5 1000004 1.7750865295902 405 0
172 1000004 1.7595060077657 1142 0
170 1000006 -1.0324732731248 1140 1
167 171 0.71386650703562 1867 1
8 1000005 -0.92204661430886 1868 1
172 173 1 1869 0
173 1000004 1.7595060077657 1870 1
193.5
0
2
193.5
171
connections
0.249999625
step
0.09025
link
1.999997
enable
0.1999997
bias
0.3999994
node
0.49999925
disable
0.3999994
done
6
46 171 1 1157 1
147 1000001 -1.8151547460887 1156 1
80 1000002 -1.7632708175868 1155 1
46 1000005 -1.5492910628902 439 0
171 1000005 -1.5492910628902 1158 1
116 1000006 1.1906503733204 440 1
0
171
connections
0.26315710526375
step
0.0949998575
link
1.89999715
enable
0.210525684211
bias
0.37999943
node
0.4749992875
disable
0.421051368422
done
9
46 171 0.98999596606022 1157 1
147 1000001 -1.7263283444064 1156 1
80 1000002 -1.7833743712028 1155 1
46 1000005 -1.5581148204951 439 0
171 1000005 -1.5699302929087 1158 1
116 1000006 1.1629695981434 440 1
36 171 1.8166769406836 1706 1
17 1000001 -0.57709666461549 1707 1
170 1000001 -1.4848125090286 1708 1
26.5
0
3
26.5
172
connections
0.277007479225
step
0.09025
link
1.999997
enable
0.22160598338
bias
0.361
node
0.55401495845
disable
0.3999994
done
8
152 171 1 446 1
160 171 -1.7857250775144 1162 1
171 172 1 1163 1
139 1000001 1.428509896355 444 0
96 1000001 -0.83553510291294 1161 1
171 1000005 -1.778058370472 447 0
152 1000005 -1.778058370472 445 1
172 1000005 -1.778058370472 1164 1
0
173
connections
0.29158638285661
step
0.0949998575
link
2.10525684211
enable
0.23326910628529
bias
0.34295
node
0.58317276571322
disable
0.421051368422
done
12
152 171 1 446 1
160 171 -1.7857250775144 1162 1
171 172 1 1163 1
139 1000001 1.428509896355 444 0
96 1000001 -0.83553510291294 1161 1
171 1000005 -1.778058370472 447 0
152 1000005 -1.778058370472 445 1
172 1000005 -1.778058370472 1164 1
152 1000001 1.2924573027028 1785 0
86 172 1.27947968211 1786 1
152 173 1 1787 1
173 1000001 1.2924573027028 1788 1
0
173
connections
0.29158638285661
step
0.095
link
1.89999715
enable
0.210525684211
bias
0.34295
node
0.58317276571322
disable
0.421051368422
done
12
152 171 1 446 1
160 171 -1.7857250775144 1162 0
171 172 1 1163 1
139 1000001 1.428509896355 444 0
96 1000001 -0.83553510291294 1161 1
171 1000005 -1.778058370472 447 0
152 1000005 -1.778058370472 445 1
172 1000005 -1.778058370472 1164 1
145 172 -0.30735897752799 2006 1
119 1000002 -1.1571622803608 2007 1
160 173 1 2008 1
173 171 -1.7857250775144 2009 1
185.5
0
3
185.5
170
connections
0.277007479225
step
0.09025
link
1.805
enable
0.1805
bias
0.361
node
0.55401495845
disable
0.361
done
4
129 1000001 0.75241073535402 1165 1
141 1000002 -1.4638590139634 448 0
50 1000005 -0.081037963778264 449 1
125 1000006 1.3871748276926 1166 1
0
170
connections
0.29158638285661
step
0.095
link
1.89999715
enable
0.171475
bias
0.34295
node
0.58317276571322
disable
0.37999943
done
6
129 1000001 0.75241073535402 1165 1
141 1000002 -1.4638590139634 448 0
50 1000005 -0.081037963778264 449 1
125 1000006 1.3871748276926 1166 1
33 1000001 -0.71604092918152 1709 1
132 1000006 0.062913808069617 1710 1
0
171
connections
0.29158638285661
step
0.0949998575
link
1.71475
enable
0.171475
bias
0.34295
node
0.58317276571322
disable
0.37999943
done
5
129 1000001 0.75241073535402 1165 1
141 1000002 -1.4638590139634 448 0
50 1000005 -0.081037963778264 449 1
125 1000006 1.3871748276926 1166 1
7 1000004 1.7956034540178 1853 1
193.5
0
3
193.5
170
connections
0.249999625
step
0.09999985
link
1.999997
enable
0.1805
bias
0.3999994
node
0.49999925
disable
0.3999994
done
6
44 1000002 -1.2114104046341 457 1
119 1000003 -1.2392712809328 1176 1
86 1000004 -1.9031474843144 458 0
170 1000005 -1.2507061917571 1177 1
24 1000006 -0.50216372986425 1175 1
170 1000006 1.0760957278385 459 1
0
171
connections
0.23749964375
step
0.1052628421055
link
1.89999715
enable
0.171475
bias
0.421051368422
node
0.4749992875
disable
0.37999943
done
11
44 1000002 -1.3051253008421 457 1
119 1000003 -1.2796591660635 1176 0
86 1000004 -1.9119134709239 458 0
170 1000005 -1.3152686964842 1177 1
24 1000006 -0.57779228367513 1175 1
170 1000006 1.0543434677085 459 1
118 1000005 1.196429453416 1711 1
6 1000004 1.9674149732885 1712 1
170 1000003 -1.3109478034596 1713 1
119 171 1 1714 1
171 1000003 -1.2796591660635 1715 1
0
170
connections
0.23749964375
step
0.0949998575
link
1.89999715
enable
0.171475
bias
0.421051368422
node
0.5263142105275
disable
0.37999943
done
8
44 1000002 -1.2114104046341 457 1
119 1000003 -1.2392712809328 1176 1
86 1000004 -1.9031474843144 458 0
170 1000005 -1.2507061917571 1177 1
24 1000006 -0.50216372986425 1175 1
170 1000006 1.0760957278385 459 0
145 1000006 0.34133626443396 1851 1
50 1000002 -0.35121465956383 1852 1
26.5
0
2
26.5
172
connections
0.249999625
step
0.09999985
link
2.2160598338
enable
0.1999997
bias
0.3999994
node
0.49999925
disable
0.3999994
done
8
129 171 1 462 0
91 171 1.6949345039646 1179 1
171 172 1 1180 1
78 1000001 -0.994677543172 1178 1
172 1000001 -0.71809001020998 1181 1
171 1000001 -0.71809001020998 463 1
129 1000001 -0.71809001020998 461 1
152 1000004 -1.3239624515753 460 1
0
173
connections
0.26315710526375
step
0.1052628421055
link
2.10525684211
enable
0.189999715
bias
0.37999943
node
0.5263142105275
disable
0.37999943
done
13
129 171 1 462 0
91 171 1.6949345039646 1179 1
171 172 1 1180 1
78 1000001 -0.994677543172 1178 0
172 1000001 -0.71809001020998 1181 1
171 1000001 -0.71809001020998 463 1
129 1000001 -0.71809001020998 461 1
152 1000004 -1.3239624515753 460 1
160 1000006 1.4661951453733 1804 1
133 1000003 -1.241584650819 1805 1
170 171 0.90443524667268 1806 1
78 173 1 1807 1
173 1000001 -0.994677543172 1808 1
26.5
0
1
26.5
171
connections
0.249999625
step
0.09999985
link
1.805
enable
0.1999997
bias
0.3999994
node
0.49999925
disable
0.361
done
6
112 171 1 1186 1
112 1000003 -1.8930791597315 1185 1
79 1000003 0.44968721198369 468 1
131 1000003 -0.70084610707166 1184 1
171 1000003 -1.8930791597315 1187 1
40 1000004 0.68968118852455 469 0
26.5
0
1
26.5
170
connections
0.249999625
step
0.105263
link
1.999997
enable
0.1999997
bias
0.44321196676
node
0.49999925
disable
0.3999994
done
5
2 1000001 -1.8292917408302 470 1
123 1000001 1.8916273004802 1188 1
170 1000003 0.29340604613228 1190 1
87 1000004 -1.5393627023042 1189 1
119 1000006 1.1088501514627 471 1
26.5
0
1
26.5
170
connections
0.249999625
step
0.09999985
link
1.999997
enable
0.1805
bias
0.361
node
0.49999925
disable
0.44321196676
done
4
79 1000001 -0.92454404706347 1208 1
98 1000002 -1.4569361039702 493 1
9 1000006 -0.64831458527982 1207 1
68 1000006 1.6242355162391 494 1
169.5
0
3
169.5
171
connections
0.225625
step
0.09999985
link
2.2160598338
enable
0.1805
bias
0.3999994
node
0.49999925
disable
0.361
done
7
143 171 1 1211 1
85 1000001 -1.298222915874 1209 1
102 1000004 0.88237581908813 1210 1
126 1000004 1.2362830802967 496 0
143 1000005 -1.4223714691691 495 0
171 1000005 -1.4223714691691 1212 1
170 1000006 1.0782279032647 497 1
0
172
connections
0.21434375
step
0.0949998575
link
2.3326910628529
enable
0.171475
bias
0.421051368422
node
0.5263142105275
disable
0.37999943
done
11
143 171 1.0295781419969 1211 1
85 1000001 -1.283310978158 1209 1
102 1000004 0.83855779790389 1210 1
126 1000004 1.1584927677915 496 0
143 1000005 -1.4834810740642 495 0
171 1000005 0.82829894443429 1212 0
170 1000006 1.0885504419693 497 1
16 1000004 -1.8134982883062 1716 1
46 1000004 1.7437882496714 1717 1
171 172 1 1718 1
172 1000005 0.82829894443429 1719 1
0
172
connections
0.21434375
step
0.0949998575
link
2.3326910628529
enable
0.189999715
bias
0.37999943
node
0.4749992875
disable
0.37999943
done
10
143 171 0.93824346587773 1211 1
85 1000001 -1.314116918147 1209 1
102 1000004 -1.3811443501064 1210 1
126 1000004 1.2113615328699 496 0
143 1000005 -1.484156289178 495 0
171 1000005 -1.3434384759375 1212 1
170 1000006 1.1399158014469 497 1
88 1000001 0.2366818516686 1924 1
127 1000006 1.5508904026593 1925 1
1 171 -1.8152653313313 1926 1
26.5
0
1
26.5
172
connections
0.249999625
step
0.11080299169
link
2.2160598338
enable
0.22160598338
bias
0.361
node
0.45125
disable
0.361
done
9
1000003 171 1 508 1
171 172 1 1222 1
97 1000003 -1.4476691575012 1219 1
80 1000004 -0.031723928652575 506 1
171 1000006 -0.43529397548889 509 0
38 1000006 -0.47086582820437 1221 1
1 1000006 0.07161494068411 1220 1
1000003 1000006 -0.43529397548889 507 1
172 1000006 -0.43529397548889 1223 1
26.5
0
2
26.5
171
connections
0.249999625
step
0.11080299169
link
1.999997
enable
0.1999997
bias
0.44321196676
node
0.55401495845
disable
0.3999994
done
5
67 171 1 1232 1
23 1000002 -0.088038428727555 1230 1
109 1000003 -0.11110916273254 1231 1
67 1000005 0.70159154511131 519 1
171 1000005 0.70159154511131 1233 1
0
171
connections
0.23749964375
step
0.1052628421055
link
1.89999715
enable
0.189999715
bias
0.46653821257058
node
0.5263142105275
disable
0.421051368422
done
8
67 171 1.0160521831905 1232 1
23 1000002 -0.14653403141688 1230 1
109 1000003 -0.13965258268795 1231 1
67 1000005 0.77425094234863 519 1
171 1000005 0.78938745864563 1233 1
136 1000004 -0.25236335687915 1871 1
126 1000004 -0.65763778735774 1872 1
170 1000006 -1.0754287666992 1873 1
26.5
0
2
26.5
172
connections
0.249999625
step
0.09999985
link
2.2160598338
enable
0.1999997
bias
0.44321196676
node
0.45125
disable
0.3999994
done
10
92 171 1 580 1
92 172 1 1237 1
92 1000002 -1.1735264617826 1236 0
172 1000002 -1.1735264617826 1238 1
104 1000003 1.7888045980543 1234 1
171 1000004 1.5803778989149 581 1
92 1000004 1.5803778989149 577 0
124 1000005 -1.0913989111275 1235 1
9 1000005 1.7327639440693 578 1
170 1000006 0.28852054210777 579 0
0
173
connections
0.26315710526375
step
0.0949998575
link
2.3326910628529
enable
0.210525684211
bias
0.46653821257058
node
0.4286875
disable
0.37999943
done
14
92 171 1.0715435160875 580 1
92 172 0.98256631891032 1237 1
92 1000002 -1.8035760260204 1236 0
172 1000002 -1.0803168912254 1238 1
104 1000003 1.7649603224443 1234 1
171 1000004 1.58990594566 581 1
92 1000004 -0.70532739288422 577 0
124 1000005 -1.1805047884607 1235 1
9 1000005 1.766349473961 578 1
170 1000006 0.2115053016042 579 0
120 172 -0.98172271204261 1776 0
158 1000003 0.25091789208861 1777 1
158 173 1 1778 1
173 1000003 0.25091789208861 1779 1
244
0
3
244
171
connections
0.277007479225
step
0.09025
link
1.999997
enable
0.1999997
bias
0.44321196676
node
0.49999925
disable
0.361
done
7
121 171 1 1241 1
74 1000001 -0.88172930799505 1240 1
170 1000002 0.27344755002924 650 1
158 1000004 -1.1897031865966 648 1
74 1000006 -1.0541176493532 1239 1
121 1000006 1.4318073463774 649 0
171 1000006 1.4318073463774 1242 1
0
172
connections
0.29158638285661
step
0.0949998575
link
1.89999715
enable
0.210525684211
bias
0.421051368422
node
0.4749992875
disable
0.34295
done
10
121 171 1 1241 1
74 1000001 -0.88172930799505 1240 1
170 1000002 0.27344755002924 650 1
158 1000004 -1.1897031865966 648 1
74 1000006 -1.0541176493532 1239 1
121 1000006 1.4318073463774 649 0
171 1000006 1.4318073463774 1242 1
92 1000002 0.63718609262127 1720 1
152 1000002 0.67457707537086 1721 1
170 1000001 -1.4679517818 1722 1
0
171
connections
0.26315710526375
step
0.0949998575
link
2.10525684211
enable
0.210525684211
bias
0.421051368422
node
0.4749992875
disable
0.34295
done
10
121 171 1 1241 1
74 1000001 -0.88172930799505 1240 0
170 1000002 0.27344755002924 650 1
158 1000004 -1.1897031865966 648 1
74 1000006 -1.0541176493532 1239 1
121 1000006 1.4318073463774 649 1
171 1000006 1.4318073463774 1242 1
4 1000006 0.35574257110979 1723 1
31 1000004 -1.9190945140641 1724 1
170 1000003 -0.96750079978607 1725 1
193.5
0
2
193.5
171
connections
0.225625
step
0.09999985
link
1.999997
enable
0.1999997
bias
0.361
node
0.49999925
disable
0.3999994
done
6
51 171 1 1245 1
1000006 1000001 -1.5009322238625 652 1
115 1000003 1.4175296311348 1243 1
51 1000004 -0.38193339406603 1244 0
171 1000004 -0.38193339406603 1246 1
126 1000006 1.6645443978089 651 1
0
171
connections
0.23749964375
step
0.095
link
1.89999715
enable
0.189999715
bias
0.37999943
node
0.4749992875
disable
0.37999943
done
8
51 171 0.96817390443905 1245 1
1000006 1000001 -1.5178318312405 652 1
115 1000003 1.4787577660586 1243 1
51 1000004 -1.8398314732312 1244 0
171 1000004 -1.1026372458332 1246 1
126 1000006 1.6259477750309 651 1
114 1000001 1.5332087015422 1726 1
93 1000006 -0.29450664217328 1727 1
193.5
0
4
193.5
170
connections
0.225625
step
0.09025
link
2.2160598338
enable
0.1999997
bias
0.361
node
0.49999925
disable
0.3999994
done
6
170 1000002 -0.61955710436197 1251 1
147 1000004 0.29081434304398 837 1
135 1000005 -1.8355750738809 1250 1
128 1000005 -1.8888312670816 1249 1
109 1000006 0.94043516877128 838 1
44 1000006 0.13844913716356 839 0
0
171
connections
0.23749964375
step
0.105263
link
2.10525684211
enable
0.189999715
bias
0.37999943
node
0.5263142105275
disable
0.37999943
done
10
170 1000002 -0.61955710436197 1251 1
147 1000004 0.29081434304398 837 1
135 1000005 -1.8355750738809 1250 0
128 1000005 -1.8888312670816 1249 1
109 1000006 0.94043516877128 838 1
44 1000006 0.13844913716356 839 0
130 1000005 1.689293816541 1728 1
105 1000003 1.3355460070705 1729 1
135 171 1 1730 1
171 1000005 -1.8355750738809 1731 1
0
171
connections
0.23749964375
step
0.0857375
link
2.3326910628529
enable
0.189999715
bias
0.34295
node
0.4749992875
disable
0.37999943
done
11
170 1000002 -0.61955710436197 1251 1
147 1000004 0.29081434304398 837 1
135 1000005 -1.8355750738809 1250 0
128 1000005 -1.8888312670816 1249 1
109 1000006 0.94043516877128 838 1
44 1000006 0.13844913716356 839 0
1000003 1000004 1.6180835718373 1791 0
164 1000001 1.0720063182861 1792 1
170 1000005 0.49498622608138 1793 1
135 171 1 1794 1
171 1000005 -1.8355750738809 1795 1
0
171
connections
0.23749964375
step
0.0949998575
link
2.10525684211
enable
0.210525684211
bias
0.34295
node
0.5263142105275
disable
0.37999943
done
11
170 1000002 -0.56098601399314 1251 1
147 1000004 0.38036547170978 837 1
135 1000005 -1.8072949497491 1250 1
128 1000005 -1.8720201480899 1249 1
109 1000006 0.9303195078439 838 0
44 1000006 0.093317202426806 839 1
90 1000002 1.2436698969657 1819 1
86 1000006 -1.0435105129348 1820 1
24 1000006 0.61354128206779 1821 1
109 171 1 1822 1
171 1000006 0.9303195078439 1823 1
238
0
4
238
171
connections
0.249999625
step
0.09025
link
1.999997
enable
0.1999997
bias
0.44321196676
node
0.45125
disable
0.3999994
done
8
170 171 1 1255 1
16 1000002 -0.19897851450321 1253 1
1000006 1000002 -0.70904385238376 872 1
171 1000002 0.71673970798379 1256 1
170 1000002 0.71673970798379 874 1
170 1000003 0.68436241274903 1254 1
170 1000006 2.0230423430539 873 1
161 1000006 -1.9204943272846 1252 1
0
171
connections
0.23749964375
step
0.095
link
1.89999715
enable
0.189999715
bias
0.421051368422
node
0.4749992875
disable
0.37999943
done
10
170 171 0.9550804577582 1255 1
16 1000002 -0.22836929839261 1253 1
1000006 1000002 -0.7184171760657 872 1
171 1000002 0.75420635628046 1256 1
170 1000002 0.75939697081463 874 1
170 1000003 0.7713559232449 1254 1
170 1000006 2.0736166346564 873 1
161 1000006 -1.9757982840719 1252 1
48 1000005 -1.2273372296371 1732 1
47 1000002 -0.45271926114928 1733 1
0
171
connections
0.26315710526375
step
0.095
link
2.10525684211
enable
0.210525684211
bias
0.46653821257058
node
0.4749992875
disable
0.37999943
done
10
170 171 1 1255 1
16 1000002 -0.19897851450321 1253 1
1000006 1000002 -0.70904385238376 872 1
171 1000002 0.71673970798379 1256 1
170 1000002 0.71673970798379 874 1
170 1000003 0.68436241274903 1254 1
170 1000006 2.0230423430539 873 1
161 1000006 -1.9204943272846 1252 1
92 1000002 -1.718587860334 1734 1
170 1000005 0.36062501853361 1735 1
0
172
connections
0.23749964375
step
0.0949998575
link
2.10525684211
enable
0.189999715
bias
0.46653821257058
node
0.4749992875
disable
0.37999943
done
12
170 171 1 1255 1
16 1000002 -0.19897851450321 1253 1
1000006 1000002 -0.70904385238376 872 1
171 1000002 0.71673970798379 1256 1
170 1000002 0.71673970798379 874 1
170 1000003 0.68436241274903 1254 1
170 1000006 2.0230423430539 873 1
161 1000006 -1.9204943272846 1252 0
27 1000001 -1.4409038030733 1932 1
3 1000004 -0.24007931642238 1933 0
161 172 1 1934 1
172 1000006 -1.9204943272846 1935 1
193.5
0
3
193.5
171
connections
0.249999625
step
0.105263
link
1.999997
enable
0.1999997
bias
0.44321196676
node
0.49999925
disable
0.44321196676
done
7
14 171 1 1261 1
27 1000002 1.661048076889 1259 1
23 1000004 -0.16300471227756 880 0
171 1000005 -0.47662019099883 1262 1
14 1000005 -0.47662019099883 1258 0
170 1000006 1.7052906992404 1260 0
112 1000006 1.7235589156503 881 1
0
171
connections
0.23749964375
step
0.09999985
link
1.89999715
enable
0.189999715
bias
0.421051368422
node
0.5263142105275
disable
0.421051368422
done
10
14 171 1 1261 1
27 1000002 1.661048076889 1259 1
23 1000004 -0.16300471227756 880 0
171 1000005 -0.47662019099883 1262 1
14 1000005 -0.47662019099883 1258 0
170 1000006 1.7052906992404 1260 0
112 1000006 1.7235589156503 881 1
97 1000001 -0.42379739062106 1736 1
116 1000005 1.0283366567587 1737 1
170 1000001 1.3097269475971 1738 1
0
171
connections
0.23749964375
step
0.09999985
link
1.89999715
enable
0.210525684211
bias
0.46653821257058
node
0.4749992875
disable
0.421051368422
done
9
14 171 1 1261 1
27 1000002 1.661048076889 1259 1
23 1000004 -0.16300471227756 880 0
171 1000005 -0.47662019099883 1262 1
14 1000005 -0.47662019099883 1258 1
170 1000006 1.7052906992404 1260 0
112 1000006 1.7235589156503 881 1
162 1000002 1.3525888600166 1861 1
85 1000002 -0.9303822214391 1862 1
26.5
0
2
26.5
171
connections
0.249999625
step
0.09999985
link
1.999997
enable
0.1805
bias
0.3999994
node
0.45125
disable
0.3999994
done
6
56 171 1 1268 1
59 1000001 1.2777615726356 355 0
63 1000002 -0.53242213210669 354 1
56 1000004 -0.85659917204482 1267 0
17 1000004 -0.053923656257765 1266 1
171 1000004 -0.85659917204482 1269 1
0
171
connections
0.26315710526375
step
0.095
link
1.89999715
enable
0.189999715
bias
0.421051368422
node
0.4286875
disable
0.37999943
done
8
56 171 1 1268 1
59 1000001 1.2777615726356 355 0
63 1000002 -0.53242213210669 354 0
56 1000004 -0.85659917204482 1267 0
17 1000004 -0.053923656257765 1266 1
171 1000004 -0.85659917204482 1269 1
130 1000004 0.65235160600969 1960 1
31 1000003 1.3252737127828 1961 1
26.5
0
2
26.5
170
connections
0.225625
step
0.095
link
1.999997
enable
0.1999997
bias
0.361
node
0.45125
disable
0.3999994
done
5
41 1000002 -0.78882456328199 348 1
8 1000002 -1.8363181593997 1270 1
19 1000004 0.80749492105446 1271 0
68 1000005 -1.2680741502312 347 1
170 1000005 0.1580010122424 349 0
0
170
connections
0.21434375
step
0.09999985
link
1.89999715
enable
0.210525684211
bias
0.37999943
node
0.4749992875
disable
0.37999943
done
7
41 1000002 -0.82038721109267 348 1
8 1000002 -1.9222382179713 1270 1
19 1000004 0.71896349433767 1271 0
68 1000005 -1.2009915444043 347 0
170 1000005 0.18458176937971 349 0
154 1000001 0.57203846172059 1789 1
111 1000005 1.9355161599515 1790 1
26.5
0
3
26.5
171
connections
0.225625
step
0.105263
link
2.2160598338
enable
0.1999997
bias
0.44321196676
node
0.49999925
disable
0.3999994
done
6
160 171 1 1284 1
160 1000003 1.5529596635853 1283 0
171 1000003 1.5529596635853 1285 1
17 1000003 -1.0839749216493 1282 0
69 1000004 0.55040219172388 396 1
23 1000004 1.5608878990453 395 1
0
172
connections
0.21434375
step
0.11080299169
link
2.10525684211
enable
0.210525684211
bias
0.421051368422
node
0.4749992875
disable
0.421051368422
done
11
160 171 0.89471510959008 1284 1
160 1000003 1.5080547489916 1283 0
171 1000003 1.5052979852705 1285 0
17 1000003 -1.1586348178385 1282 0
69 1000004 0.50832541296843 396 1
23 1000004 1.505488947148 395 1
16 171 -1.7902372944123 1780 1
35 1000003 0.33298851285735 1781 1
170 1000005 1.2908552248454 1782 1
171 172 1 1783 1
172 1000003 1.5052979852705 1784 1
0
171
connections
0.21434375
step
0.105263
link
2.3326910628529
enable
0.189999715
bias
0.46653821257058
node
0.5263142105275
disable
0.37999943
done
8
160 171 0.9825285014104 1284 1
160 1000003 1.4663740501198 1283 0
171 1000003 1.5525209558723 1285 1
17 1000003 -0.98212735345282 1282 0
69 1000004 -1.7612104005 396 1
23 1000004 1.4948269711012 395 1
86 1000003 1.581671703412 1941 1
170 1000002 -0.43596378641015 1942 1
26.5
0
1
26.5
171
connections
0.249999625
step
0.095
link
2.2160598338
enable
0.1999997
bias
0.3999994
node
0.45125
disable
0.3999994
done
8
9 171 1 1292 1
99 1000001 1.5302423180687 1289 1
25 1000004 -0.47121009531953 60 1
170 1000005 -1.2450178411068 1291 1
170 1000006 -0.26528002799734 61 0
115 1000006 -0.92603300834356 59 1
9 1000006 -0.034652466901882 1290 0
171 1000006 -0.034652466901882 1293 1
193.5
0
1
193.5
170
connections
0.249999625
step
0.09999985
link
1.999997
enable
0.22160598338
bias
0.44321196676
node
0.55401495845
disable
0.3999994
done
4
158 1000001 -0.81586112771922 1330 1
160 1000002 0.87426450237365 1329 1
23 1000004 -0.16300471227756 880 0
112 1000006 1.7235589156503 881 1
193.5
0
2
193.5
172
connections
0.277007479225
step
0.09025
link
1.999997
enable
0.22160598338
bias
0.3999994
node
0.49999925
disable
0.3999994
done
9
32 171 1.0099529459377 90 0
172 171 1.0099529459377 1357 1
32 172 1 1356 1
25 1000003 -1.501531940129 88 1
18 1000004 -1.6717558930031 1354 1
170 1000006 0.69081791243088 1355 1
32 1000006 0.57857269174667 89 1
171 1000006 0.41676537240018 91 1
77 1000006 -0.25658883445737 1353 1
0
172
connections
0.29158638285661
step
0.095
link
2.10525684211
enable
0.23326910628529
bias
0.37999943
node
0.5263142105275
disable
0.421051368422
done
11
32 171 1.0080018480652 90 0
172 171 -1.7590738794576 1357 1
32 172 -0.86841405689177 1356 1
25 1000003 -1.4436101485388 88 1
18 1000004 0.14084982040378 1354 1
170 1000006 0.62954106423284 1355 1
32 1000006 0.67181680259927 89 1
171 1000006 0.36578756072374 91 1
77 1000006 -0.21201480022493 1353 1
156 1000005 -1.5111650282103 1744 1
38 1000005 -1.1366127613637 1745 1
193.5
0
4
193.5
171
connections
0.249999625
step
0.09025
link
2.2160598338
enable
0.22160598338
bias
0.44321196676
node
0.49999925
disable
0.3999994
done
7
170 171 1 1417 1
103 1000001 -1.6816318741448 1415 1
1000005 1000003 0.88423138246137 1414 1
23 1000004 1.5608878990453 395 1
69 1000004 0.55040219172388 396 1
170 1000006 1.6890431380314 1416 1
171 1000006 1.6890431380314 1418 1
0
171
connections
0.23749964375
step
0.0857375
link
2.3326910628529
enable
0.210525684211
bias
0.46653821257058
node
0.5263142105275
disable
0.421051368422
done
10
170 171 1 1417 1
103 1000001 -1.6816318741448 1415 1
1000005 1000003 0.88423138246137 1414 1
23 1000004 1.5608878990453 395 1
69 1000004 0.55040219172388 396 1
170 1000006 1.6890431380314 1416 1
171 1000006 1.6890431380314 1418 1
152 1000003 -0.3223106350388 1746 1
54 171 1.0030334587223 1747 1
121 1000005 -1.0705424151712 1748 1
0
172
connections
0.23749964375
step
0.105263
link
2.3326910628529
enable
0.23326910628529
bias
0.421051368422
node
0.4749992875
disable
0.421051368422
done
11
170 171 1 1417 1
103 1000001 -1.6816318741448 1415 1
1000005 1000003 0.88423138246137 1414 1
23 1000004 1.5608878990453 395 1
69 1000004 0.55040219172388 396 1
170 1000006 1.6890431380314 1416 1
171 1000006 1.6890431380314 1418 1
118 171 1.15048068536 1857 1
7 1000006 1.6424174213979 1858 1
23 172 1 1859 1
172 1000004 1.5608878990453 1860 1
0
172
connections
0.26315710526375
step
0.0857375
link
2.3326910628529
enable
0.23326910628529
bias
0.46653821257058
node
0.5263142105275
disable
0.37999943
done
11
170 171 1 1417 1
103 1000001 -1.6816318741448 1415 1
1000005 1000003 0.88423138246137 1414 0
23 1000004 1.5608878990453 395 1
69 1000004 0.55040219172388 396 1
170 1000006 1.6890431380314 1416 0
171 1000006 1.6890431380314 1418 1
58 1000004 1.7019646948678 1949 1
12 1000006 -0.28673618207068 1950 1
1000005 172 1 1951 1
172 1000003 0.88423138246137 1952 1
193.5
0
2
193.5
171
connections
0.249999625
step
0.09999985
link
1.805
enable
0.1999997
bias
0.3999994
node
0.55401495845
disable
0.361
done
7
81 171 1 1472 1
170 1000001 -1.5917735749817 294 1
53 1000002 -0.76838090027141 293 1
171 1000004 0.9570678989203 1473 1
81 1000004 0.9570678989203 292 0
40 1000005 0.19281999682673 1470 1
170 1000006 0.069022995451942 1471 1
0
172
connections
0.23749964375
step
0.0949998575
link
1.71475
enable
0.189999715
bias
0.421051368422
node
0.58317276571322
disable
0.34295
done
11
81 171 1 1472 1
170 1000001 -1.5917735749817 294 1
53 1000002 -0.76838090027141 293 1
171 1000004 0.9570678989203 1473 1
81 1000004 0.9570678989203 292 0
40 1000005 0.19281999682673 1470 0
170 1000006 0.069022995451942 1471 1
98 1000003 -1.946455044647 1749 1
66 1000002 1.2191927448004 1750 1
40 172 1 1751 1
172 1000005 0.19281999682673 1752 1
193.5
0
2
193.5
172
connections
0.249999625
step
0.095
link
2.2160598338
enable
0.22160598338
bias
0.3999994
node
0.49999925
disable
0.361
done
10
136 171 1.039529079187 217 1
56 171 -0.77591600212078 1485 1
75 172 1 1488 1
31 1000002 -1.4562606430013 215 0
170 1000002 -1.4234139823464 1487 1
75 1000003 1.4595690832751 1486 1
172 1000003 1.4595690832751 1489 1
136 1000003 -0.94008377418159 214 1
171 1000003 -1.0111296805442 218 1
170 1000006 0.0797282872697 216 1
0
173
connections
0.26315710526375
step
0.095
link
2.3326910628529
enable
0.210525684211
bias
0.37999943
node
0.4749992875
disable
0.37999943
done
14
136 171 1.039529079187 217 1
56 171 -0.77591600212078 1485 1
75 172 1 1488 1
31 1000002 -1.4562606430013 215 0
170 1000002 -1.4234139823464 1487 1
75 1000003 1.4595690832751 1486 0
172 1000003 1.4595690832751 1489 1
136 1000003 -0.94008377418159 214 1
171 1000003 -1.0111296805442 218 1
170 1000006 0.0797282872697 216 0
156 171 0.18916880813854 1753 1
107 1000005 -0.74239574314207 1754 1
170 173 1 1755 1
173 1000006 0.0797282872697 1756 1
0
0
1
0
170
connections
0.225625
step
0.11080299169
link
2.2160598338
enable
0.22160598338
bias
0.3999994
node
0.49999925
disable
0.44321196676
done
5
153 1000001 -0.91472669454046 8 0
127 1000004 -1.8080726265014 7 1
64 1000006 -1.8643906525636 1497 1
19 1000001 -1.5544122045647 1498 1
170 1000002 1.9614537712007 1499 1
0
0
1
0
172
connections
0.277007479225
step
0.095
link
1.805
enable
0.1805
bias
0.3999994
node
0.49999925
disable
0.3999994
done
10
147 171 1 67 0
147 1000002 1.3949952141358 64 1
171 1000002 1.3949952141358 68 0
105 1000002 -1.4996396468485 65 1
170 1000003 1.7384221347693 66 0
48 171 -1.2261417951557 1503 1
128 1000006 -0.81610128414636 1504 1
170 1000005 -0.74352935456835 1505 1
170 172 1 1506 1
172 1000003 1.7384221347693 1507 1
0
0
1
0
171
connections
0.277007479225
step
0.09999985
link
1.999997
enable
0.1999997
bias
0.3999994
node
0.49999925
disable
0.361
done
7
67 1000001 0.92241936615353 79 1
11 1000003 0.96776081269764 78 1
170 1000005 -1.382460799609 80 0
145 1000001 0.17211724360106 1512 1
63 1000003 -1.5178913509091 1513 1
170 171 1 1514 1
171 1000005 -1.382460799609 1515 1
0
0
1
0
170
connections
0.225625
step
0.11080299169
link
1.999997
enable
0.22160598338
bias
0.3999994
node
0.55401495845
disable
0.361
done
4
136 1000002 -1.4822797243572 82 1
108 1000004 -1.0347364681081 81 0
63 1000003 1.0439468263853 1516 1
146 1000003 1.9630439691073 1517 1
0
0
1
0
171
connections
0.249999625
step
0.09999985
link
1.805
enable
0.1805
bias
0.3999994
node
0.49999925
disable
0.361
done
7
64 1000001 0.83437711877487 229 1
90 1000001 -1.3385622144391 230 1
62 1000001 -0.94076604160516 1528 1
136 1000004 1.4424466842052 1529 1
170 1000001 -0.40702097416251 1530 0
170 171 1 1531 1
171 1000001 -0.40702097416251 1532 1
0
0
1
0
171
connections
0.249999625
step
0.09999985
link
1.805
enable
0.1999997
bias
0.3999994
node
0.45125
disable
0.3999994
done
7
28 1000001 -1.8496902379439 240 0
78 1000004 1.4983325970817 241 0
103 1000003 -0.11580694751619 1537 1
27 1000003 -0.017819055364383 1538 1
170 1000004 0.6968351019066 1539 1
28 171 1 1540 1
171 1000001 -1.8496902379439 1541 1
0
0
1
0
172
connections
0.225625
step
0.09999985
link
1.999997
enable
0.1999997
bias
0.361
node
0.49999925
disable
0.3999994
done
8
168 171 1 249 0
168 1000002 1.4038826764579 247 1
171 1000002 1.4038826764579 250 0
95 1000003 -0.45575620534632 248 0
126 1000004 -0.55710969239339 1546 1
147 1000005 0.0067795747922639 1547 1
171 172 1 1548 1
172 1000002 1.4038826764579 1549 1
0
0
1
0
170
connections
0.225625
step
0.105263
link
1.999997
enable
0.22160598338
bias
0.44321196676
node
0.49999925
disable
0.3999994
done
3
151 1000001 -0.3006759743675 251 1
33 1000006 -1.452596038325 1550 1
102 1000004 1.7234483713859 1551 1
0
0
1
0
172
connections
0.249999625
step
0.11080299169
link
1.999997
enable
0.1805
bias
0.361
node
0.55401495845
disable
0.3999994
done
8
96 171 1 254 1
113 1000005 -1.2204658348209 253 1
96 1000006 -0.72991390280887 252 0
171 1000006 -0.72991390280887 255 1
132 1000004 1.2309422712917 1552 1
70 1000002 0.19857549769738 1553 0
70 172 1 1554 1
172 1000002 0.19857549769738 1555 1
0
0
1
0
170
connections
0.249999625
step
0.11080299169
link
1.999997
enable
0.1999997
bias
0.3999994
node
0.45125
disable
0.361
done
5
79 1000003 -0.59090644614348 261 1
45 1000006 0.34730677229693 262 1
149 1000001 1.8285180962777 1559 1
65 1000003 0.76516354771571 1560 0
170 1000003 0.018239286736697 1561 1
0
0
1
0
171
connections
0.225625
step
0.09999985
link
2.2160598338
enable
0.1999997
bias
0.361
node
0.49999925
disable
0.3999994
done
6
101 1000002 -0.86167142859738 269 0
47 1000005 -0.91152707995452 268 1
1000001 1000006 -1.0282126753722 1565 0
97 1000006 0.1024792539433 1566 1
1000001 171 1 1567 0
171 1000006 -1.0282126753722 1568 1
0
0
1
0
171
connections
0.249999625
step
0.09999985
link
1.805
enable
0.1999997
bias
0.3999994
node
0.55401495845
disable
0.3999994
done
6
4 1000001 -1.1529944516499 271 1
125 1000006 -1.7757284696101 270 1
60 1000006 -1.9744297079623 1569 1
160 1000004 -0.44632679151666 1570 0
160 171 1 1571 1
171 1000004 -0.44632679151666 1572 1
0
0
1
0
172
connections
0.23749964375
step
0.0949998575
link
1.89999715
enable
0.189999715
bias
0.37999943
node
0.4286875
disable
0.421051368422
done
11
43 171 1 297 1
170 171 1.698822405049 1050 1
171 1000002 1.7739620226314 298 1
43 1000002 1.7739620226314 295 0
19 1000004 1.7504222745776 1048 1
166 1000004 -0.64175980102353 1049 0
144 1000004 -1.3684841037581 296 0
29 1000002 1.6734507082372 1585 1
76 1000006 1.3402978458164 1586 1
166 172 1 1587 0
172 1000004 -0.64175980102353 1588 1
0
0
1
0
172
connections
0.249999625
step
0.11080299169
link
2.2160598338
enable
0.1999997
bias
0.44321196676
node
0.49999925
disable
0.3999994
done
9
136 171 1 307 0
9 1000001 1.1650653477595 306 1
136 1000002 1.2642430138142 305 0
171 1000002 1.2642430138142 308 1
103 1000002 -1.1599124442599 1593 1
47 1000006 -1.1078079506326 1594 1
170 1000005 1.9125997591357 1595 1
136 172 1 1596 1
172 171 1 1597 1
0
0
1
0
171
connections
0.249999625
step
0.11080299169
link
2.2160598338
enable
0.22160598338
bias
0.44321196676
node
0.49999925
disable
0.3999994
done
6
125 1000005 -1.7898299581324 309 1
95 1000005 1.0856438163135 310 0
160 1000004 0.46743290054958 1598 1
39 1000006 1.8431386928275 1599 1
125 171 1 1600 1
171 1000005 -1.7898299581324 1601 1
0
0
1
0
171
connections
0.26315710526375
step
0.0949998575
link
2.10525684211
enable
0.171475
bias
0.37999943
node
0.4749992875
disable
0.46653821257058
done
9
49 1000001 1.6048052886523 319 1
34 1000001 -0.41146045662996 320 1
144 1000005 1.8772826529468 1435 1
99 1000006 0.073995568823999 1434 0
170 1000006 1.5475022008398 321 1
94 1000006 -1.9892119113306 1604 1
1000002 1000004 -1.4937705991295 1605 1
99 171 1 1606 1
171 1000006 0.073995568823999 1607 1
0
0
1
0
171
connections
0.249999625
step
0.095
link
1.805
enable
0.22160598338
bias
0.44321196676
node
0.55401495845
disable
0.3999994
done
7
60 171 -1.1878746148142 324 1
38 1000002 -1.914304786394 322 1
60 1000003 1.0678971362779 323 0
171 1000003 1.1026683557023 325 0
41 1000001 1.0820073779123 1608 1
104 171 -0.030300769037707 1609 1
170 1000003 0.29278122554197 1610 1
0
0
1
0
170
connections
0.249999625
step
0.09025
link
1.999997
enable
0.1999997
bias
0.3999994
node
0.49999925
disable
0.361
done
4
56 1000004 -1.8557679969146 327 1
168 1000005 0.12095558555841 326 1
101 1000004 -0.86979601107063 1611 1
6 1000005 0.24200621910487 1612 1
0
0
1
0
171
connections
0.249999625
step
0.105263
link
1.999997
enable
0.1999997
bias
0.3999994
node
0.45125
disable
0.361
done
7
40 1000003 -1.3913481608496 328 0
76 1000005 -1.4274416524649 329 1
62 1000006 1.5887218227557 1613 1
157 1000001 -1.514043472481 1614 1
170 1000003 0.70904723494735 1615 1
40 171 1 1616 1
171 1000003 -1.3913481608496 1617 1
0
0
1
0
173
connections
0.26315710526375
step
0.0949998575
link
2.10525684211
enable
0.189999715
bias
0.421051368422
node
0.4749992875
disable
0.421051368422
done
13
57 171 1 335 1
170 172 1 1274 1
49 1000002 0.79127230252664 1272 0
172 1000002 0.88488549128402 1275 1
170 1000002 0.88488549128402 334 0
171 1000004 0.56911649115808 336 0
57 1000004 0.56911649115808 333 0
163 1000005 -1.198480710014 332 1
13 1000006 0.3737914647785 1273 1
21 1000004 -1.9055994543739 1618 1
140 172 -1.289367420268 1619 1
171 173 1 1620 1
173 1000004 0.56911649115808 1621 1
0
0
1
0
170
connections
0.249999625
step
0.11080299169
link
1.999997
enable
0.22160598338
bias
0.361
node
0.45125
disable
0.44321196676
done
6
41 1000002 0.68986848494498 348 1
68 1000005 -1.2460971266246 347 1
170 1000005 0.81795585659237 349 0
17 1000004 -0.053549301835498 1628 0
65 1000004 -0.71005638442471 1629 1
170 1000006 1.6790976299341 1630 1
0
0
1
0
170
connections
0.277007479225
step
0.09025
link
1.999997
enable
0.1999997
bias
0.44321196676
node
0.49999925
disable
0.44321196676
done
5
170 1000002 0.23954847559312 357 1
152 1000006 -1.2989722971334 356 1
108 1000001 -0.48866829578237 1635 1
67 1000001 -1.7966111245549 1636 1
170 1000005 1.4798815471492 1637 1
0
0
1
0
172
connections
0.26315710526375
step
0.0949998575
link
1.71475
enable
0.189999715
bias
0.37999943
node
0.5263142105275
disable
0.46653821257058
done
12
161 171 0.9402730048292 360 1
42 1000001 -0.76962376020191 359 1
170 1000003 0.31560698259417 1098 1
171 1000004 0.97797839668485 1097 1
128 1000004 1.9248858317383 1096 1
161 1000006 1.6044330003016 358 0
171 1000006 1.6417852387868 361 1
171 1000005 0.6428400160013 1638 1
106 1000006 -0.52436381137202 1639 1
170 1000004 0.015241273685937 1640 0
170 172 1 1641 1
172 1000004 0.015241273685937 1642 1
0
0
1
0
170
connections
0.225625
step
0.09999985
link
1.805
enable
0.1805
bias
0.361
node
0.49999925
disable
0.3999994
done
4
46 1000005 -1.561215037597 439 1
116 1000006 1.2681276012194 440 1
102 1000003 1.0972106191782 1647 1
42 1000004 -1.9065443649453 1648 1
0
0
1
0
171
connections
0.23749964375
step
0.1052628421055
link
1.71475
enable
0.210525684211
bias
0.421051368422
node
0.4749992875
disable
0.46653821257058
done
9
106 1000001 0.14979019668962 1160 0
68 1000004 -1.6966396382529 441 1
8 1000005 0.18969945130157 1159 0
118 1000006 2.1448273054057 442 1
170 1000006 -1.6377788258892 443 1
23 1000006 1.5825112776749 1653 1
95 1000004 -1.8325727599825 1654 1
106 171 1 1655 1
171 1000001 0.14979019668962 1656 1
0
0
1
0
170
connections
0.249999625
step
0.095
link
2.2160598338
enable
0.1999997
bias
0.3999994
node
0.49999925
disable
0.3999994
done
6
44 1000002 -1.2391815722171 457 1
86 1000004 -1.8589079658775 458 0
170 1000006 1.0391656379398 459 1
1000005 1000006 -1.6251677608235 1657 1
145 1000003 -0.25108063698331 1658 0
170 1000004 -0.91968829693258 1659 1
0
0
1
0
171
connections
0.249999625
step
0.09025
link
1.999997
enable
0.1805
bias
0.44321196676
node
0.45125
disable
0.361
done
7
126 1000004 1.1850871291956 496 0
143 1000005 -0.85108381642545 495 1
170 1000006 1.1356642157149 497 1
1 1000003 0.2998678974341 1660 0
65 1000006 -1.5954233294332 1661 1
1 171 1 1662 1
171 1000003 0.2998678974341 1663 1
0
0
1
0
172
connections
0.249999625
step
0.11080299169
link
1.999997
enable
0.22160598338
bias
0.3999994
node
0.49999925
disable
0.44321196676
done
10
92 171 1 580 1
92 1000004 1.5803778989149 577 0
171 1000004 1.5803778989149 581 1
9 1000005 1.7327639440693 578 0
170 1000006 0.28852054210777 579 1
116 1000006 -1.4388609525929 1664 1
67 1000001 -1.3401243366954 1665 1
170 171 -0.48858221736205 1666 1
9 172 1 1667 1
172 1000005 1.7327639440693 1668 1
0
0
1
0
171
connections
0.277007479225
step
0.095
link
1.999997
enable
0.1999997
bias
0.3999994
node
0.45125
disable
0.361
done
7
170 1000002 0.27344755002924 650 1
158 1000004 -1.1897031865966 648 1
121 1000006 1.4318073463774 649 0
3 1000006 1.9631092529572 1671 1
112 1000001 -1.9596139397284 1672 1
121 171 1 1673 1
171 1000006 1.4318073463774 1674 1
0
0
1
0
170
connections
0.225625
step
0.09999985
link
1.999997
enable
0.1805
bias
0.3999994
node
0.55401495845
disable
0.3999994
done
4
1000006 1000001 -1.5009322238625 652 1
126 1000006 1.6645443978089 651 1
121 1000003 1.7376985250682 1675 1
85 1000006 -1.4110244304924 1676 1
0
0
1
0
171
connections
0.225625
step
0.09999985
link
1.999997
enable
0.1805
bias
0.3999994
node
0.45125
disable
0.3999994
done
7
1000006 1000002 -1.5640666298692 872 1
170 1000002 0.65569604995207 874 1
170 1000006 1.9229734374195 873 1
153 1000003 -1.739566735802 1685 0
170 1000005 1.2114129379445 1686 1
153 171 1 1687 1
171 1000003 -1.739566735802 1688 1
0
0
1
0
171
connections
0.277007479225
step
0.09999985
link
1.999997
enable
0.1999997
bias
0.44321196676
node
0.55401495845
disable
0.3999994
done
6
23 1000004 -0.16300471227756 880 0
112 1000006 1.7235589156503 881 0
136 1000006 -0.88265601866071 1691 1
35 1000004 -0.59176959404339 1692 1
112 171 1 1693 1
171 1000006 1.7235589156503 1694 1
0
0
1
0
171
connections
0.26315710526375
step
0.1052628421055
link
1.89999715
enable
0.23326910628529
bias
0.421051368422
node
0.58317276571322
disable
0.421051368422
done
9
158 1000001 -0.81586112771922 1330 1
160 1000002 0.87426450237365 1329 1
23 1000004 -0.16300471227756 880 0
112 1000006 1.7235589156503 881 1
53 1000003 1.402034617682 1739 1
76 1000005 -1.1901794593736 1740 1
170 1000004 0.042577291858652 1741 1
160 171 1 1742 1
171 1000002 0.87426450237365 1743 1
0
0
1
0
171
connections
0.23749964375
step
0.105263
link
1.89999715
enable
0.189999715
bias
0.37999943
node
0.4749992875
disable
0.46653821257058
done
10
106 1000001 0.20948919197986 1160 1
68 1000004 0.1048648972624 441 1
8 1000005 0.28166150780472 1159 0
118 1000006 2.0612422299549 442 1
170 1000006 0.88765157521127 443 0
73 1000002 1.962581556273 1757 1
129 1000005 1.3512937051017 1758 1
170 1000003 -1.8999999146443 1759 1
170 171 1 1760 1
171 1000006 0.88765157521127 1761 1
0
0
1
0
170
connections
0.277007479225
step
0.09025
link
1.999997
enable
0.1999997
bias
0.44321196676
node
0.49999925
disable
0.3999994
done
5
23 1000004 -0.65156008426638 880 0
112 1000006 1.6932751971015 881 1
120 1000001 0.72478929847702 1766 0
109 1000002 -0.52027401259182 1767 1
170 1000006 0.9064556168888 1768 1
0
0
1
0
171
connections
0.225625
step
0.09999985
link
1.805
enable
0.1999997
bias
0.3999994
node
0.55401495845
disable
0.44321196676
done
6
46 1000005 -1.5492910628902 439 1
116 1000006 1.1906503733204 440 1
142 1000001 -0.71452639005823 1772 1
128 1000002 -1.3635191225277 1773 1
128 171 1 1774 1
171 1000002 -1.3635191225277 1775 1
0
0
1
0
171
connections
0.225625
step
0.09999985
link
1.999997
enable
0.22160598338
bias
0.3999994
node
0.49999925
disable
0.361
done
6
136 1000002 -1.3287122396313 82 1
108 1000004 -0.90681909649134 81 0
87 1000005 -1.6025343256083 1796 0
14 1000002 -0.96767593313366 1797 1
87 171 1 1798 1
171 1000005 -1.6025343256083 1799 1
0
0
1
0
171
connections
0.29158638285661
step
0.105263
link
2.10525684211
enable
0.210525684211
bias
0.421051368422
node
0.4749992875
disable
0.37999943
done
9
26 1000004 0.72112626439662 1059 0
95 1000005 1.1127543816511 310 0
125 1000005 -1.8063589548861 309 1
16 1000006 -1.9922004348058 1060 1
170 1000006 -1.5841243246496 1061 1
97 1000004 -0.71188736833254 1800 1
112 1000004 -0.17785984565404 1801 1
26 171 1 1802 1
171 1000004 0.72112626439662 1803 0
0
0
1
0
172
connections
0.277007479225
step
0.09999985
link
1.805
enable
0.1999997
bias
0.3999994
node
0.55401495845
disable
0.3999994
done
10
26 171 1 86 1
66 1000002 0.88587654702639 83 0
171 1000005 -1.0836923155392 87 1
26 1000005 -1.0836923155392 84 0
170 1000006 0.53685566901083 85 1
1000003 1000003 0.15344877455078 1809 1
38 171 -1.0251353564789 1810 1
170 1000005 -0.073435948264522 1811 1
66 172 1 1812 1
172 1000002 0.88587654702639 1813 1
0
0
1
0
172
connections
0.277007479225
step
0.11080299169
link
2.2160598338
enable
0.1805
bias
0.361
node
0.49999925
disable
0.44321196676
done
10
163 171 1 259 1
171 1000002 -0.048897325084031 260 1
170 1000002 -1.2499246426159 258 1
163 1000002 -0.048897325084031 257 1
66 1000005 0.19336071898852 256 1
26 1000002 -0.41238760129194 1814 1
153 1000002 0.41916240305601 1815 1
170 1000005 0.8367620682515 1816 0
170 172 1 1817 1
172 1000005 0.8367620682515 1818 1
0
0
1
0
172
connections
0.277007479225
step
0.11080299169
link
1.999997
enable
0.1999997
bias
0.361
node
0.49999925
disable
0.3999994
done
10
163 171 1 259 1
171 1000002 -0.048897325084031 260 1
170 1000002 -1.2499246426159 258 0
163 1000002 -0.048897325084031 257 1
66 1000005 0.19336071898852 256 1
164 1000004 1.033454875943 1826 1
112 1000003 -0.19020045091873 1827 1
170 1000005 0.11351787024807 1828 1
170 172 1 1829 1
172 1000002 -1.2499246426159 1830 1
0
0
1
0
170
connections
0.249999625
step
0.09025
link
1.999997
enable
0.22160598338
bias
0.44321196676
node
0.55401495845
disable
0.3999994
done
6
170 1000001 -1.5917735749817 294 1
53 1000002 -0.76838090027141 293 1
81 1000004 0.9570678989203 292 1
79 1000003 0.85600972867385 1833 1
8 1000003 -0.39453681111081 1834 0
170 1000003 0.53047835944708 1835 1
0
0
1
0
172
connections
0.277007479225
step
0.09025
link
1.805
enable
0.1805
bias
0.3999994
node
0.55401495845
disable
0.361
done
8
70 171 1.0328160908027 352 1
70 1000001 -0.7406125950787 350 0
32 1000001 -0.70042857653481 351 1
171 1000001 -0.77937510488165 353 0
121 1000006 -1.5090377104976 1838 1
31 1000003 1.6203396597972 1839 0
70 172 1 1840 1
172 1000001 -0.7406125950787 1841 1
0
0
1
0
170
connections
0.249999625
step
0.09025
link
1.999997
enable
0.1999997
bias
0.3999994
node
0.45125
disable
0.3999994
done
4
56 1000004 -1.9066719880721 327 1
168 1000005 0.1117030801845 326 1
72 1000003 -1.3362540450582 1863 1
100 1000006 -0.0074014691670432 1864 1
0
0
1
0
171
connections
0.23749964375
step
0.0949998575
link
2.10525684211
enable
0.189999715
bias
0.37999943
node
0.5263142105275
disable
0.46653821257058
done
9
79 1000001 -0.92454404706347 1208 1
98 1000002 -1.4569361039702 493 0
9 1000006 -0.64831458527982 1207 1
68 1000006 1.6242355162391 494 1
128 1000003 1.2859490417344 1874 1
126 1000003 0.8440129192751 1875 0
8 1000001 -0.70118879093844 1876 1
126 171 1 1877 1
171 1000003 0.8440129192751 1878 1
0
0
1
0
171
connections
0.277007479225
step
0.09025
link
2.2160598338
enable
0.1999997
bias
0.3999994
node
0.45125
disable
0.3999994
done
9
170 1000002 -0.21208686815474 200 1
48 1000002 -0.69751641751256 198 1
1 1000003 0.10547178150409 199 0
60 1000003 -0.32920601247761 197 1
74 1000006 -0.16515836779268 1886 0
143 1000006 1.9822768177755 1887 1
124 1000003 1.6633583287072 1888 1
74 171 1 1889 1
171 1000006 -0.16515836779268 1890 1
0
0
1
0
171
connections
0.225625
step
0.11080299169
link
1.999997
enable
0.1999997
bias
0.361
node
0.45125
disable
0.44321196676
done
7
41 1000002 0.68986848494498 348 1
68 1000005 -1.2460971266246 347 1
170 1000005 0.81795585659237 349 0
157 1000002 -1.1768489997726 1891 0
120 1000004 1.4610322562331 1892 1
157 171 1 1893 1
171 1000002 -1.1768489997726 1894 1
0
0
1
0
170
connections
0.225625
step
0.09999985
link
2.2160598338
enable
0.22160598338
bias
0.3999994
node
0.45125
disable
0.3999994
done
5
101 1000002 -0.86167142859738 269 0
47 1000005 -0.91152707995452 268 1
100 1000005 1.7897213472937 1895 1
78 1000005 -0.64983741876196 1896 1
59 1000005 -1.9732718076432 1897 1
0
0
1
0
171
connections
0.249999625
step
0.11080299169
link
1.999997
enable
0.22160598338
bias
0.361
node
0.45125
disable
0.3999994
done
6
87 1000003 1.0742478347729 201 0
35 1000004 1.9438412580378 202 1
28 1000001 -0.11732395836959 1898 1
103 1000006 1.0095208021856 1899 1
87 171 1 1900 0
171 1000003 1.0742478347729 1901 1
0
0
1
0
170
connections
0.249999625
step
0.11080299169
link
1.805
enable
0.1999997
bias
0.44321196676
node
0.49999925
disable
0.44321196676
done
5
13 1000005 1.6041986064869 27 1
163 1000006 0.009186314443912 26 1
23 1000003 1.4094977897636 1904 1
146 1000002 -1.174240065354 1905 1
170 1000003 -1.0222826781786 1906 1
0
0
1
0
171
connections
0.249999625
step
0.09025
link
1.999997
enable
0.1999997
bias
0.3999994
node
0.55401495845
disable
0.361
done
6
116 1000004 -0.48946754564041 303 1
18 1000006 1.4350546148769 304 1
127 1000006 -0.84767106866821 1920 1
26 1000002 -0.57315962695198 1921 1
116 171 1 1922 1
171 1000004 -0.48946754564041 1923 1
0
0
1
0
171
connections
0.277007479225
step
0.09999985
link
2.2160598338
enable
0.1999997
bias
0.3999994
node
0.45125
disable
0.361
done
8
170 1000001 -1.5152995621391 169 0
8 1000003 -1.2980471902052 167 1
1000002 1000004 -0.47308407652801 168 0
45 1000001 -0.41629761756225 1936 1
20 1000001 0.30978461462529 1937 1
170 1000006 -1.6926685402601 1938 1
170 171 1 1939 1
171 1000001 -1.5152995621391 1940 1
0
0
1
0
171
connections
0.225625
step
0.11080299169
link
1.805
enable
0.1999997
bias
0.3999994
node
0.49999925
disable
0.44321196676
done
6
60 1000004 -0.31566870692916 31 0
158 1000005 -0.84641906192825 32 0
77 1000003 -1.3454954397611 1945 0
66 1000006 1.5235794072615 1946 1
77 171 1 1947 1
171 1000003 -1.3454954397611 1948 1
0
0
1
0
171
connections
0.225625
step
0.09025
link
1.805
enable
0.1999997
bias
0.3999994
node
0.49999925
disable
0.3999994
done
5
129 1000001 1.1453077882274 370 0
1000005 1000005 1.0615727636319 371 1
126 1000002 -0.13586923952022 1953 1
129 171 1 1954 1
171 1000001 1.1453077882274 1955 1
0
0
1
0
170
connections
0.249999625
step
0.11080299169
link
2.2160598338
enable
0.1999997
bias
0.3999994
node
0.49999925
disable
0.361
done
5
40 1000003 -1.4589825605317 328 1
76 1000005 -1.359677178487 329 1
150 1000001 1.5207847727094 1962 1
37 1000003 1.2825503867504 1963 1
170 1000005 1.8612038119981 1964 0
0
0
1
0
172
connections
0.225625
step
0.09025
link
1.999997
enable
0.1805
bias
0.361
node
0.49999925
disable
0.44321196676
done
9
62 171 1 22 0
120 1000001 1.9237821418437 20 0
62 1000001 0.71272439449687 21 0
171 1000001 0.71272439449687 23 1
87 1000005 0.060355777880343 1965 1
53 1000001 0.98568824445162 1966 0
170 1000002 1.3991705139164 1967 1
53 172 1 1968 1
172 1000001 0.98568824445162 1969 1
0
0
1
0
172
connections
0.249999625
step
0.11080299169
link
1.999997
enable
0.1999997
bias
0.3999994
node
0.49999925
disable
0.44321196676
done
8
136 171 1 307 1
9 1000001 1.1650653477595 306 1
136 1000002 1.2642430138142 305 0
171 1000002 1.2642430138142 308 0
67 1000004 -0.31623295988712 1970 1
164 1000005 0.50288397749089 1971 0
164 172 1 1972 1
172 1000005 0.50288397749089 1973 1
0
0
1
0
172
connections
0.225625
step
0.11080299169
link
1.999997
enable
0.22160598338
bias
0.361
node
0.49999925
disable
0.44321196676
done
10
73 171 1.0442350873237 282 1
82 1000002 -0.8103287001841 279 1
171 1000003 0.34732206624497 283 1
73 1000003 0.3696351432811 280 0
170 1000006 -1.3893199151958 281 1
162 1000001 1.9443601965645 1976 0
17 1000002 -0.57252364539193 1977 0
170 1000002 0.9067219229912 1978 1
162 172 1 1979 1
172 1000001 1.9443601965645 1980 1
0
0
1
0
172
connections
0.249999625
step
0.09999985
link
2.2160598338
enable
0.1999997
bias
0.44321196676
node
0.49999925
disable
0.44321196676
done
10
90 171 1 161 0
1000003 1000001 1.9195371679587 159 1
90 1000002 -0.32112478200399 158 0
170 1000002 0.22983134455505 160 1
171 1000002 -0.32112478200399 162 1
108 1000006 1.3040699545779 1983 1
115 1000001 -1.4267606173767 1984 1
47 1000006 -0.2904967955735 1985 1
90 172 1 1986 1
172 171 1 1987 0
0
0
1
0
172
connections
0.249999625
step
0.095
link
1.999997
enable
0.1999997
bias
0.361
node
0.45125
disable
0.361
done
10
100 171 1 57 1
88 1000003 -1.9049225598131 55 0
100 1000004 -1.4368492865175 54 0
155 1000004 1.954898904988 56 0
171 1000004 -1.4368492865175 58 1
145 1000005 -1.893751583944 1988 1
14 1000005 -0.92741850899878 1989 1
170 1000003 0.37047110608335 1990 1
88 172 1 1991 1
172 1000003 -1.9049225598131 1992 1
0
0
1
0
171
connections
0.277007479225
step
0.09999985
link
1.999997
enable
0.1999997
bias
0.44321196676
node
0.49999925
disable
0.3999994
done
7
97 1000004 2.0242734181428 101 1
144 1000005 0.64435482276887 100 1
156 1000002 -0.032797790147736 1996 1
1000005 1000005 0.018253807918287 1997 0
170 1000001 1.259977973653 1998 1
1000005 171 1 1999 1
171 1000005 0.018253807918287 2000 1
0
0
1
0
172
connections
0.277007479225
step
0.09999985
link
1.999997
enable
0.1999997
bias
0.44321196676
node
0.55401495845
disable
0.3999994
done
10
71 171 1 95 0
145 1000001 -1.3824613948271 94 1
166 1000004 -0.38560778199956 92 1
71 1000005 -0.98299487446574 93 1
171 1000005 -0.98299487446574 96 1
69 1000005 -1.1145573775817 2001 1
169 1000005 1.6546698285521 2002 1
170 1000004 1.8985278959845 2003 1
71 172 1 2004 1
172 171 1 2005 1
